ID	Arable6_1	Arable6_2	Arable6_3	Arable6_4	Arable9_1	Arable9_2	Arable9_3	Arable9_4
BACasv1	0.099931147	0.118248321	0.142799228	0.103898933	0.074077306	0.071054926	0.070953215	0.073458783
BACasv2	0.009734324	0.008117046	0.008088803	0.00573586	0.048686851	0.044827085	0.05404053	0.07479726
BACasv3	0.040314347	0.030463974	0.045559846	0.045850577	0.012302591	0.009662889	0.010958219	0.013069837
BACasv4	0.037227854	0.033670708	0.029594595	0.0286793	0.090917023	0.072580645	0.045934451	0.046846705
BACasv5	0.013034497	0.001970805	0.009517375	0.015646555	0.020591571	0.029569892	0.018463848	0.021966774
BACasv6	0.003608823	0.013929251	0.002972973	0.003957017	0.023645406	0.023612322	0.024018014	0.015668058
BACasv7	0.023623543	0.016401109	0.040598456	0.033144558	0.040048861	0	0.062296723	0.020943233
BACasv8	0.063700468	0.056819321	0.105444015	0.088470195	0.009336009	0.015983726	0.015111334	0.023698921
BACasv9	0.027849664	0.024451348	0.032586873	0.031510927	0.005147893	0.010607382	0.00970728	0.006377451
BACasv10	0.013153209	0.015432408	0.00996139	0.015573949	0.018148504	0.017582098	0.017162872	0.025746004
BACasv11	0.019943493	0.016835354	0.014131274	0.024540768	0.045545764	0.071200232	0.062847135	0.064561846
BACasv12	0.004392317	0.003707786	0	0	0.013262368	0.016201686	0.020315236	0.01928982
BACasv13	0.002659132	0.003674383	0.003861004	0.003557685	0.015181921	0.016782912	0.012409307	0.021966774
BACasv14	0.049621311	0.04375856	0.063204633	0.05136862	0.057237588	0.067640221	0.075206405	0.048106448
BACasv15	0.001994349	0.002739085	0	0	0	0.013586167	0.009557168	0
BACasv16	0.004985873	0.004041821	0.002876448	0.006244101	0	0.001162453	0	0
BACasv17	0.027184881	0.020643351	0.028339768	0.026864155	0.013524125	0.013586167	0.012359269	0.010314148
BACasv18	0.010565303	0.008117046	0.014324324	0.010310027	0.013436873	0.003414705	0.005203903	0.005826313
BACasv19	0.003347658	0.002939506	0	0.004973499	0.017275979	0.015329846	0.01861396	0.023383986
BACasv20	0.012702106	0.009586799	0.015212355	0.00972918	0.031323619	0.011987794	0.018914186	0.014487048
BACasv21	0.010517819	0.013060761	0.00488417	0.00773252	0.01657796	0.018235978	0.020365274	0.032517125
BACasv22	0.002587906	0.001970805	0.001312741	0.001524722	0.008027223	0.013731473	0.01255942	0.011495158
BACasv23	0.01495762	0.01209206	0.006447876	0.005808466	0.018061251	0.010752688	0.013910433	0.008739469
BACasv24	0.005223296	0.001770384	0	0	0	0	0.000550413	0
BACasv25	0.00220803	0.003139927	0.002335907	0.005118711	0.023121892	0.015547806	0.021115837	0.022754114
BACasv26	0.007550037	0.007014731	0.008996139	0.010455239	0.00828898	0.036326649	0.010958219	0.009999213
BACasv27	0.011562478	0.015733039	0.007471042	0.013540986	0.019893552	0.039087475	0.028321241	0.038737107
BACasv28	0.010446592	0.008451081	0.008996139	0.010709359	0.001221534	0.002760825	0.001551163	0.002755689
BACasv29	0.001614473	0.003273541	0.001332046	0.001524722	0.006892941	0.009009009	0.009206905	0.006377451
BACasv30	0.001994349	0.001269332	0	0.000471938	0.006107669	0.007628596	0.010708031	0.002047083
BACasv31	0.003656307	0.004876908	0.006930502	0.00486459	0.012128087	0.017945365	0.014660996	0.019919691
BACasv32	0.020798215	0.016000267	0.009401544	0.013649895	0.002094058	0.001089799	0.001601201	0.001338477
BACasv33	0.021249317	0.019106791	0.029555985	0.021963261	0.006718436	0.005594304	0.003802852	0.009211873
BACasv34	0	0	0	0	0	0	0	0
BACasv35	0.012630879	0.00988743	0.007606178	0.017679518	0.012215339	0.011624528	0.008656492	0.014959452
BACasv36	0.000807237	0.001302736	0.000752896	0.000435635	0.010295786	0.005594304	0.005904428	0.005668845
BACasv37	0.00189938	0.002238033	0.000559846	0.000653452	0.006980194	0.001888986	0.002451839	0.001102275
BACasv38	0.002326741	0.001135718	0.006254826	0.008567487	0.00575866	0.002760825	0.003452589	0.00299189
BACasv39	0.019967236	0.016634933	0.030849421	0.03154723	0.004100864	0.004504505	0.002852139	0.007007322
BACasv40	0.005650656	0.006246451	0.003590734	0.006135192	0.008986999	0.001671026	0.005504128	0.004802771
BACasv41	0.000617299	0.000567859	0.000579151	0.000399332	0	0	0	0
BACasv42	0.001923123	0.001302736	0.000772201	0.000617149	0.005496903	0.009880849	0.013059795	0.006456185
BACasv43	0.001139628	0.001503157	0.006602317	0.004683076	0	0	0	0
BACasv44	0.006647831	0.002872699	0.002992278	0.004065926	0	0	0.001250938	0
BACasv45	0.00652912	0.005711995	0.004073359	0.004320046	0.006282174	0.008282476	0.004503378	0.005038973
BACasv46	0.014601486	0.013094164	0.021505792	0.019349452	0	0.004359198	0.003052289	0.002834422
BACasv47	0.012725848	0.012559709	0.010617761	0.019603572	0.010644795	0.009444929	0.009206905	0.009054405
BACasv48	0.012607137	0.012292481	0.005984556	0.009583969	0.013000611	0.006974717	0.006554916	0.009054405
BACasv49	0.008167335	0.009687009	0.002799228	0.005626951	0.006107669	0.002324906	0.003152364	0
BACasv50	0.013438116	0.012292481	0.006235521	0.008385973	0.006282174	0.009808195	0.00830623	0.004802771
BACasv51	0	0	0	0	0	0	0	0
BACasv52	0	0	0	0	0	0	0	0
BACasv53	0.002397968	0.003039717	0.001505792	0.001452116	0.001919553	0.001961639	0.001250938	0.003621762
BACasv54	0.006481635	0.008551291	0.006447876	0.01060045	0.010644795	0.015693112	0.010657993	0.013069837
BACasv55	0	0	0.004247104	0.00199666	0	0	0	0
BACasv56	0.004439802	0.003139927	0.001003861	0.00199666	0.003053835	0.003560012	0.002451839	0
BACasv57	0	0	0	0	0	0	0	0
BACasv58	0.008167335	0.005311153	0.008610039	0.006824947	0.00287933	0.00726533	0.003152364	0.006062515
BACasv59	0.004819678	0.00297291	0.006833977	0.006788644	0	0	0	0
BACasv60	0.005199554	0.005210943	0.004189189	0.00399332	0.004537126	0.005666957	0.006054541	0.005353909
BACasv61	0.008238562	0.009954237	0.006100386	0.004937196	0.004100864	0.007846556	0.002351764	0.009684277
BACasv62	0	0	0	0	0	0	0	0
BACasv63	0	0	0	0	0	0	0	0
BACasv64	0	0	0	0	0	0	0	0
BACasv65	0.001638216	0.001402946	0.001042471	0.001561025	0	0.002034292	0.002301726	0.001495945
BACasv66	0.004511028	0.004075225	0.006216216	0.003630291	0	0.001598373	0.001250938	0.001889615
BACasv67	0.003466369	0.003340348	0.001293436	0.002141872	0.004711631	0.003124092	0.005103828	0.004251634
BACasv68	0.001970607	0.003006313	0.000521236	0	0.000610767	0.001307759	0.000500375	0
BACasv69	0.007621264	0.008718308	0.003146718	0.002323386	0.002181311	0	0.007605704	0.00377923
BACasv70	0.000617299	0.001235929	0.001795367	0.00112539	0.00575866	0.001888986	0.001250938	0.002755689
BACasv71	0.004249863	0.004275646	0.00011583	0	0.001047029	0.000799186	0.000550413	0.000708606
BACasv72	0.006125502	0.007315362	0.001988417	0.001488419	0.006194922	0.002542865	0.002852139	0.001023541
BACasv73	0.001923123	0.00297291	0.000405405	0.000399332	0.004013611	0.001961639	0.004003002	0.004094166
BACasv74	0	0	0	0	0	0	0	0
BACasv75	0.004226121	0.003774593	0.002548263	0	0	0.001089799	0.001601201	0.001653413
BACasv76	0.00220803	0.004208839	0.001563707	0.000508241	0.007590961	0.004722464	0.003102327	0.004094166
BACasv77	0.004819678	0.005311153	0.000637066	0.003412474	0.004100864	0.003850625	0.002351764	0.005432643
BACasv78	0.005104585	0.006580486	0.001891892	0.002650113	0.003490097	0.003560012	0.002151614	0.003070624
BACasv79	0	0	0	0	0	0	0	0
BACasv80	0.003964956	0.004709891	0.001467181	0.002722718	0.002704825	0.005666957	0.001701276	0
BACasv81	0	0	0	0	0	0	0	0
BACasv82	0.00052233	0.000634666	0.002586873	0.003521382	0.002094058	0.001525719	0.002501876	0
BACasv83	0	0	0	0	0	0	0	0
BACasv84	0.000641041	0.001169122	0	0	0	0	0	0
BACasv85	0	0	0	0	0	0	0	0
BACasv86	0.001543247	0.002605471	0.001621622	0	0	0	0	0
BACasv87	0.001139628	0.001803788	0.003571429	0.002287083	0.002094058	0.001380413	0.001150863	0.001495945
BACasv88	0	0	0.003166023	0.003376171	0	0	0	0
BACasv89	0.001210855	0.001703578	0.000772201	0.00112539	0.004711631	0.001961639	0.001250938	0.002519487
BACasv90	0.000237423	0.000534456	0.00019305	0	0.001134281	0.00087184	0.00425319	0.002755689
BACasv91	0.002991524	0.007348766	0.001119691	0.001815146	0.007503708	0.004504505	0.004503378	0.007322258
BACasv92	0.000664783	0.000634666	0	0.000508241	0.002704825	0.002034292	0.002802102	0.002047083
BACasv93	0.001519504	0.002538665	0.002084942	0.00112539	0.005235145	0.004577158	0.002752064	0
BACasv94	0.002469194	0.00220463	0.002123552	0.002432295	0.003577349	0.002397559	0.001901426	0.002913156
BACasv95	0.002231772	0.003106524	0.001756757	0.002468598	0.003315592	0.002833479	0.001951464	0.004330368
BACasv96	0.001923123	0.001603367	0.002992278	0.000798664	0.01404764	0.009009009	0.007355517	0.004330368
BACasv97	0.000854721	0.001202525	0.000579151	0.000980179	0.001134281	0.007120023	0.0008006	0
BACasv98	0	0	0	0	0	0	0	0
BACasv99	0.005603172	0.004810101	0	0	0.004711631	0.001453066	0.001851389	0
BACasv100	0	0.000367438	0	0	0	0.001743679	0.001551163	0.00338556
BACasv101	0.000593556	0.000901894	0.000289575	0	0.001657796	0.001089799	0.001901426	0.001574679
BACasv102	0.001875638	0.001369543	0.007528958	0.00174254	0	0	0.000900676	0
BACasv103	0.003181462	0.003106524	0.001332046	0.00348508	0	0.000508573	0.000650488	0.000314936
BACasv104	0	0	0	0	0	0	0	0
BACasv105	0.00147202	0.00220463	0.002760618	0.003775503	0.00322834	0.003051439	0.001901426	0.002362019
BACasv106	0.001377051	0.000233824	0.000405405	0.00025412	0.000872524	0.00043592	0.001050788	0.001810881
BACasv107	0	0	0	0	0	0	0	0
BACasv108	0	0	0	0	0	0	0	0
BACasv109	0	0	0	0	0	0	0	0
BACasv110	0.000118711	0	0.00011583	0.00025412	0.006194922	0.004068585	0.001150863	0.002598221
BACasv111	0	0	0	0	0	0	0	0
BACasv112	0	0	0	0	0	0	0.003002252	0
BACasv113	0.003561338	0.002471858	0	0	0	0	0	0
BACasv114	0.002041834	0.002605471	0.00023166	0.000363029	0.00540965	0.001380413	0.001250938	0.002598221
BACasv115	0.001519504	0.002037612	0.001911197	0.001306905	0.002617573	0.001598373	0.001451088	0.003149358
BACasv116	0.003133978	0.003774593	0.001949807	0.001343208	0.001570544	0	0.0004003	0.004409102
BACasv117	0	0	0	0	0	0	0	0
BACasv118	0.004368575	0.003507365	0.000965251	0.003158353	0.003315592	0.004068585	0.001751313	0.002834422
BACasv119	0	0	0	0	0	0	0	0
BACasv120	0.000498587	0	0.000888031	0.000943876	0	0	0.002702027	0
BACasv121	0.00189938	0.003640979	0.001138996	0.001343208	0	0	0.001851389	0.003857964
BACasv122	0	0	0	0	0	0	0	0
BACasv123	0.002754101	0.002538665	0.000714286	0.001669934	0.000959777	0.00595757	0.003102327	0.005668845
BACasv124	0.007098934	0.00594582	0.003301158	0.005082408	0.00253032	0	0	0
BACasv125	0.001661958	0.00153656	0.002142857	0.002722718	0	0.00065388	0.000300225	0.001259743
BACasv126	0.001187113	0.001402946	0.000772201	0.000508241	0	0.002470212	0.002201651	0.001023541
BACasv127	0	0	0	0	0	0	0	0
BACasv128	0.000902206	0.002672278	0.000617761	0	0.003926359	0.006974717	0.003102327	0.004251634
BACasv129	0.00116337	0.001937402	0	0.000798664	0.003141087	0.001525719	0.002151614	0.001102275
BACasv130	0	0	0	0	0	0	0	0
BACasv131	0.001994349	0.001369543	0.006467181	0.002178175	0.000785272	0.001671026	0	0
BACasv132	0.001733185	0.000701473	0.003397683	0.00261381	0	0	0	0
BACasv133	0	0	0	0	0	0	0	0
BACasv134	0.000261165	0.001068911	0.000540541	0.000399332	0	0	0.003252439	0
BACasv135	0	0	0	0	0	0	0	0
BACasv136	0	0	0	0	0	0	0	0
BACasv137	0.00094969	0.001235929	0.001061776	0.001887751	0	0	0	0.001259743
BACasv138	0	0	0	0	0	0	0	0
BACasv139	0.00284907	0.002939506	0.001409266	0.001815146	0.001047029	0	0.000650488	0.001338477
BACasv140	0.001923123	0.004108628	0.001640927	0.004574167	0.001308786	0.001743679	0.001100826	0.00299189
BACasv141	0.005104585	0.003407155	0.00511583	0.007333188	0	0	0.002551914	0
BACasv142	0.002374225	0.001703578	0.001525097	0.002831627	0	0.000581226	0.000500375	0.00039367
BACasv143	0.00631544	0.007649397	0.002953668	0.005300225	0.006020417	0.003632665	0.001501126	0.004881505
BACasv144	0	0	0	0	0	0	0	0
BACasv145	0.001020917	0.002037612	0.003301158	0.002686415	0.000436262	0.000508573	0.000500375	0.000314936
BACasv146	0.002587906	0.004275646	0.001138996	0.002105569	0.000872524	0.001598373	0.001501126	0.002362019
BACasv147	0	0	0	0	0	0	0	0
BACasv148	0.002279256	0.002872699	0.00015444	0	0.003664602	0.004359198	0.005003753	0.004487836
BACasv149	0	0	0	0	0	0	0	0
BACasv150	0	0	0	0	0	0	0	0
BACasv151	0	0	0	0	0	0	0	0
BACasv152	0	0.001402946	0.001988417	0.007841429	0	0	0	0
BACasv153	0	0	0	0	0.001396039	0	0	0.001653413
BACasv154	0.001139628	0.002271437	0.001100386	0.001924054	0.001134281	0.002397559	0.001250938	0.002598221
BACasv155	0	0	0	0	0	0	0	0
BACasv156	0.00116337	0.001235929	0.001776062	0.00174254	0.001134281	0	0	0
BACasv157	0.00147202	0.001503157	0.001351351	0.001306905	0.000785272	0.001453066	0.001050788	0.000866074
BACasv158	0	0	0	0	0	0	0	0
BACasv159	0	0	0	0	0	0	0	0
BACasv160	0.002611648	0.003240138	0.001254826	0.001234299	0.001483291	0.000726533	0	0.001417211
BACasv161	0	0	0	0	0	0.002542865	0.000700525	0.002519487
BACasv162	0	0	0	0	0	0	0	0
BACasv163	0	0	0	0	0	0	0	0
BACasv164	0.001187113	0.001670174	0.000173745	0	0	0	0	0
BACasv165	0	0	0	0	0	0	0	0
BACasv166	0	0	0	0	0	0	0	0
BACasv167	0.0016857	0.00230484	0	0.000617149	0	0	0.001000751	0.000314936
BACasv168	0	0	0	0	0	0	0	0
BACasv169	0.000332392	0	0.000366795	0	0	0	0	0
BACasv170	0	0	0	0	0	0	0	0
BACasv171	0	0	0	0	0	0	0	0
BACasv172	0	0	0	0	0	0	0	0
BACasv173	0	0	0	0	0.001047029	0.000944493	0.000850638	0.000472404
BACasv174	0	0	0	0	0	0.001525719	0.001501126	0
BACasv175	0	0	0	0	0	0	0	0
BACasv176	0.000546072	0.001035508	0.00034749	0.000508241	0.001047029	0.001089799	0.001100826	0.001810881
BACasv177	0.000237423	0.000233824	0	0	0.000872524	0	0	0
BACasv178	0.000664783	0.001870595	0.001138996	0.000834967	0.001221534	0	0	0
BACasv179	0	0	0	0	0	0	0	0
BACasv180	0	0	0	0	0	0	0	0
BACasv181	0.000379876	0.000367438	0.001525097	0.00087127	0	0	0	0
BACasv182	0.000474845	0	0.000289575	0.000617149	0.002792077	0	0	0
BACasv183	0.001353308	0.001803788	0.00034749	0	0	0	0	0
BACasv184	0	0	0	0	0	0	0	0
BACasv185	0	0	0	0	0	0	0	0
BACasv186	0.001851896	0.002338244	0.001100386	0.001561025	0	0	0	0
BACasv187	0.003680049	0.006747503	0.009189189	0.00972918	0.002617573	0.001235106	0.002601951	0.000629872
BACasv188	0.001234597	0.002137823	0.00019305	0	0	0.000799186	0	0
BACasv189	0	0	0	0	0	0	0	0
BACasv190	0	0	0	0	0	0	0	0
BACasv191	0	0	0	0	0	0	0	0
BACasv192	0.001756927	0.002739085	0	0.000726058	0	0	0.002702027	0
BACasv193	0.001804411	0.001202525	0.000888031	0.000943876	0	0	0	0
BACasv194	0.000641041	0.001302736	0.000656371	0.000617149	0	0	0.001050788	0
BACasv195	0.000451103	0.000801684	0.000482625	0	0	0	0.002151614	0.001968349
BACasv196	0	0	0	0	0	0	0	0
BACasv197	0	0	0	0	0	0	0	0
BACasv198	0	0	0	0	0	0	0	0
BACasv199	0.002730359	0.002839296	0.001196911	0.002069266	0	0	0	0
BACasv200	0.001780669	0.00153656	0.000366795	0.000363029	0	0.000944493	0.000850638	0
BACasv201	0	0.002505261	0.000598456	0.000907573	0	0.001089799	0.001300976	0.001889615
BACasv202	0	0	0	0	0	0	0	0
BACasv203	0	0	0	0	0	0	0	0
BACasv204	0	0	0	0	0	0	0	0
BACasv205	0.001733185	0.001903998	0	0	0	0	0	0
BACasv206	0.00021368	0.000434245	0.001409266	0.000943876	0	0	0	0
BACasv207	0	0	0	0	0.001483291	0.001307759	0.000650488	0.000944807
BACasv208	0	0	0	0	0	0	0	0.002362019
BACasv209	0.000973432	0.000801684	0.000289575	0.000617149	0	0	0	0
BACasv210	0	0	0	0	0	0	0	0
BACasv211	0.000403618	0.000835087	0.00034749	0.000689755	0	0.001307759	0.001551163	0.000708606
BACasv212	0.000308649	0.000534456	9.65E-05	0.000326726	0.001745048	0.000581226	0.0004003	0
BACasv213	0	0.000434245	0	0	0	0.001307759	0.001250938	0.002519487
BACasv214	0	0	0	0	0	0	0	0
BACasv215	0.000688525	0.001302736	0.002220077	0.001669934	0.000436262	0	0.000650488	0.000708606
BACasv216	0	0	0	0	0	0	0	0
BACasv217	0	0	0	0	0	0	0	0
BACasv218	0	0	0	0	0	0	0	0
BACasv219	0.001638216	0.002238033	0.00034749	0.000544544	0	0	0	0
BACasv220	0	0	0	0	0	0	0	0
BACasv221	0	0	0	0.000363029	0.001570544	0	0.000550413	0.000866074
BACasv222	0.000403618	0.000367438	0.000559846	0.000726058	0.001657796	0	0.000700525	0.001023541
BACasv223	0	0	0	0	0.001308786	0.001598373	0.000850638	0
BACasv224	0	0	0	0	0	0	0	0
BACasv225	0	0	0	0	0	0	0	0
BACasv226	0	0	0	0	0	0	0	0
BACasv227	0	0	0	0	0	0	0	0
BACasv228	0	0	0	0	0	0	0	0
BACasv229	0	0	0	0	0	0	0	0
BACasv230	0	0	0.00027027	0.000326726	0	0.001380413	0.001300976	0.001574679
BACasv231	0.000451103	0.000400842	0.001216216	0.000798664	0.000698019	0.001089799	0.000950713	0.001810881
BACasv232	0	0	0	0	0	0	0	0
BACasv233	0	0	0.00030888	0	0	0	0	0
BACasv234	0	0	0.000405405	0.000762361	0	0	0	0
BACasv235	0.001210855	0.002104419	0.00015444	0.000363029	0	0	0.000500375	0
BACasv236	0.000451103	0	0.001679537	0.001234299	0	0	0	0
BACasv237	0.002587906	0.002505261	0.000888031	0.002287083	0	0	0	0
BACasv238	0	0	0	0	0	0.001307759	0.001150863	0
BACasv239	0	0	0	0	0	0	0	0
BACasv240	0.000688525	0.00066807	0.000328185	0	0	0	0	0
BACasv241	0	0	0	0.000363029	0	0	0	0
BACasv242	0.000118711	0.000367438	0.00034749	0.000326726	0.004886136	0	0.001551163	0.001732147
BACasv243	0	0	0	0	0	0	0	0
BACasv244	0	0	0	0	0	0	0	0
BACasv245	0.000498587	0.00076828	0	0	0	0	0	0
BACasv246	0	0	0	0	0	0	0	0
BACasv247	0.00021368	0.002906103	0.000926641	0	0	0	0	0
BACasv248	0	0	0	0	0	0	0	0
BACasv249	0	0	0	0	0	0	0	0
BACasv250	0	0	0	0	0	0	0	0
BACasv251	0	0	0.00019305	0	0	0.001380413	0.001000751	0
BACasv252	0.001400793	0.000534456	0	0	0	0	0	0
BACasv253	0.002492937	0.001336139	0.004401544	0.004646773	0	0	0	0
BACasv254	9.50E-05	0	0.000328185	0.000471938	0	0	0	0
BACasv255	0	0	0	0	0	0	0	0
BACasv256	0	0	0	0	0	0	0	0
BACasv257	0	0	0	0	0	0	0	0
BACasv258	0	0	0	0	0	0	0	0
BACasv259	0	0	0	0	0	0	0	0
BACasv260	0.000332392	0.00086849	0.000714286	0.000980179	0.001832301	0	0.001801351	0.001653413
BACasv261	0.000498587	0	0	0.000617149	0	0	0.001701276	0.001810881
BACasv262	0	0	0	0	0	0	0	0
BACasv263	0	0	0	0	0	0	0	0
BACasv264	0	0	0	0	0	0	0	0
BACasv265	0	0	0.001081081	0.000907573	0	0	0	0
BACasv266	0	0	0	0	0	0	0	0
BACasv267	0.000902206	0.00143635	0.000830116	0	0	0.001888986	0	0
BACasv268	0	0	0	0	0	0	0.001300976	0
BACasv269	0	0	0	0	0	0	0	0
BACasv270	0	0	0.00019305	0.000471938	0	0	0.001050788	0
BACasv271	0	0	0	0	0	0	0	0.004330368
BACasv272	0	0	0	0	0	0	0	0
BACasv273	0	0	0	0	0	0	0	0
BACasv274	0	0	0	0	0	0	0	0
BACasv275	0	0	0	0	0	0	0	0
BACasv276	0	0	0	0	0	0	0	0
BACasv277	0	0	0	0	0	0	0	0
BACasv278	0	0	0	0	0	0	0	0
BACasv279	0	0	0	0	0	0	0	0
BACasv280	0	0	0	0	0	0	0	0
BACasv281	0	0	0	0	0	0	0	0
BACasv282	0	0	0	0	0	0	0	0
BACasv283	0	0.000367438	0	0	0	0	0	0
BACasv284	0	0	0.000868726	0.001924054	0	0	0	0
BACasv285	0.000189938	0.000267228	0	0	0.001134281	0.000581226	0.001200901	0
BACasv286	0	0	0	0	0	0	0	0
BACasv287	0.000261165	0.000501052	0.000791506	0.000290423	0.001919553	0	0.001000751	0.002440753
BACasv288	0.002682875	0.004208839	0.003494208	0.002650113	0	0.001307759	0.001050788	0
BACasv289	0	0	0	0	0	0	0	0
BACasv290	0	0.000501052	0	0	0	0	0	0
BACasv291	0	0	0	0	0	0	0	0
BACasv292	0	0	0	0	0	0	0	0
BACasv293	0.001210855	0.001369543	0.000289575	0.000689755	0	0	0	0
BACasv294	0	0	0.000173745	0	0	0	0	0
BACasv295	0	0	0	0	0	0	0	0
BACasv296	0.000451103	0.001002104	0.000250965	0.001052784	0	0	0	0
BACasv297	0	0	0	0	0	0	0	0
BACasv298	0	0	0	0	0	0	0	0
BACasv299	0	0	0	0	0.00034901	0	0	0
BACasv300	0.00116337	0	0	0	0	0	0	0.000866074
BACasv301	7.12E-05	0.000233824	0.000945946	0.000617149	0	0	0	0
BACasv302	0.000379876	0	0	0	0	0	0	0.000629872
BACasv303	0	0	0	0	0	0	0	0
BACasv304	0	0	0	0	0	0	0	0
BACasv305	0	0	0	0	0	0	0.002952214	0
BACasv306	0	0	0	0	0	0	0	0.002913156
BACasv307	0	0	0	0	0	0	0	0
BACasv308	0	0	0	0	0	0	0	0
BACasv309	0.000403618	0	0	0	0	0.001888986	0	0
BACasv310	0	0	0	0	0	0	0	0
BACasv311	0.000569814	0.000601263	0.000830116	0.00174254	0	0	0	0
BACasv312	0	0	0	0	0	0	0	0
BACasv313	0	0	0	0	0	0	0	0
BACasv314	0	0	0	0	0	0	0	0
BACasv315	0.000403618	0.001035508	0.000579151	0.000834967	0	0	0	0
BACasv316	0	0	0	0.000399332	0.003141087	0.002542865	0	0
BACasv317	0.000261165	0	0	0	0	0	0	0
BACasv318	0	0	0	0	0	0	0	0
BACasv319	0.001115886	0.000835087	0	0	0	0	0	0
BACasv320	0	0	0	0	0	0	0	0
BACasv321	0	0	0	0	0	0	0	0
BACasv322	0	0	0	0	0	0	0	0
BACasv323	0.001092144	0.001169122	5.79E-05	0.000217817	0	0	0	0
BACasv324	0.000569814	0.000835087	0.002316602	0.002178175	0	0.000290613	0	0.000472404
BACasv325	0.00052233	0.00076828	0.000250965	0	0	0	0.0008006	0
BACasv326	0	0	0	0	0	0	0	0
BACasv327	0	0	0	0	0	0	0	0
BACasv328	0	0	0	0	0	0	0	0
BACasv329	0	0	0	0	0	0	0	0
BACasv330	0.000189938	0.001503157	0	0	0	0	0	0
BACasv331	0.00021368	0	0	0.000217817	0	0.000726533	0.000350263	0.000551138
BACasv332	0	0	0	0	0	0	0	0
BACasv333	0	0	3.86E-05	0	0	0	0	0
BACasv334	0	0	0	0	0	0	0	0
BACasv335	0	0	0	0	0	0	0	0
BACasv336	0.001044659	0.001235929	0	0	0	0	0	0
BACasv337	0	0	0	0	0	0	0	0
BACasv338	0	0	0	0	0	0	0	0
BACasv339	0	0	0	0	0	0	0	0
BACasv340	0	0	0	0	0	0	0	0
BACasv341	0	0	0	0	0	0	0	0
BACasv342	0	0	0	0	0	0	0	0
BACasv343	0.002113061	0.002338244	0.001563707	0.001960357	0	0	0	0
BACasv344	0	0	0	0	0	0	0	0
BACasv345	0	0	0	0	0	0	0	0
BACasv346	0	0	0	0	0	0	0	0
BACasv347	0	0	0	0	0.001483291	0	0.00060045	0
BACasv348	0.000688525	0.00143635	0.000694981	0.000508241	0	0	0	0
BACasv349	0	0	0	0	0	0	0	0
BACasv350	0	0	0	0	0	0	0	0
BACasv351	0.000997175	0.001068911	0.000733591	0.001052784	0	0	0	0
BACasv352	0.000474845	0.000567859	0	0.000217817	0	0	0.000350263	0
BACasv353	0	0	0	0	0	0	0	0
BACasv354	0	0	0	0	0	0	0	0
BACasv355	0	0	0	0.000726058	0	0	0	0
BACasv356	0	0	0	0	0	0	0	0
BACasv357	0	0	0	0	0	0	0	0
BACasv358	0.000878463	0.001369543	0	0	0	0	0	0
BACasv359	0	0	0	0.001488419	0	0	0	0
BACasv360	0	0	0	0	0	0	0	0
BACasv361	0	0	0	0	0	0	0	0
BACasv362	0.000451103	0	0	0	0	0	0	0
BACasv363	0	0	0	0	0	0	0	0
BACasv364	0	0	0	0	0	0	0	0
BACasv365	0	0	0	0	0	0	0	0
BACasv366	0.001115886	0.000701473	0.000598456	0.001415814	0	0	0	0
BACasv367	0	0	0	0	0	0.001017146	0.000850638	0.001968349
BACasv368	0	0	0	0	0	0	0	0
BACasv369	0	0	0	0	0	0	0	0
BACasv370	0	0	0	0	0	0	0	0
BACasv371	0	0	0	0	0	0	0	0
BACasv372	0	0	0	0	0	0	0	0
BACasv373	0	0	0	0	0	0	0	0
BACasv374	0	0.000300631	0	0	0	0	0.000700525	0.001102275
BACasv375	0	0	0	0	0	0	0	0
BACasv376	0	0	0	0	0	0	0	0
BACasv377	0	0	0	0	0	0	0	0
BACasv378	0	0	0	0	0	0	0	0
BACasv379	0	0	0	0	0	0	0	0
BACasv380	0	0	0	0	0	0	0	0
BACasv381	0	0	0	0	0	0	0	0
BACasv382	0	0	0	0	0	0	0	0
BACasv383	0	0	0	0	0	0	0	0
BACasv384	0	0	0	0	0	0	0	0
BACasv385	0.000379876	0	0	0	0	0	0.000450338	0
BACasv386	0	0	0	0	0	0	0	0
BACasv387	0.000379876	0.00153656	0.00027027	0.00087127	0	0	0	0
BACasv388	0.000284907	0.000400842	0.000714286	0.000363029	0	0.000290613	0.000150113	0.000236202
BACasv389	0	0	0	0	0	0	0	0.005117707
BACasv390	0	0	0	0	0	0	0	0
BACasv391	0.000237423	0	0	0	0	0	0	0
BACasv392	0	0	0	0	0	0	0	0
BACasv393	0.001044659	0.00086849	0.00019305	0.000762361	0	0	0	0
BACasv394	0	0	0	0	0	0	0	0
BACasv395	0	0	0	0	0	0	0	0
BACasv396	0	0	0	0	0	0	0	0
BACasv397	0.000854721	0.000734877	0.00019305	0.00025412	0	0	0	0
BACasv398	0.000854721	0	0	0	0	0	0	0
BACasv399	0	0	0.000694981	0.00112539	0	0	0	0
BACasv400	0	0	0	0	0	0	0	0
BACasv401	0	0	0	0	0	0	0	0
BACasv402	0	0	0	0	0	0	0	0
BACasv403	0	0.000300631	9.65E-05	0	0	0	0	0
BACasv404	0.000546072	0.000367438	0.000212355	0	0	0.00043592	0	0
BACasv405	0	0	0	0	0	0	0	0
BACasv406	0	0	0	0	0	0	0	0
BACasv407	0	0	0	0	0	0	0	0
BACasv408	0.000284907	0	0.00027027	0.000471938	0	0	0	0
BACasv409	0	0.001169122	0	0	0	0	0	0
BACasv410	0.000166196	0.001135718	0.001138996	0.000580847	0.000610767	0	0	0
BACasv411	0.000759752	0.000501052	0.000675676	0.000471938	0	0	0	0
BACasv412	0.000546072	0.00066807	0.000501931	0.000326726	0.002094058	0	0.0004003	0.001338477
BACasv413	0	0	0	0	0	0	0.000300225	0.000866074
BACasv414	0	0	0	0	0	0	0	0
BACasv415	0	0	0	0	0	0	0	0
BACasv416	0	0	0	0	0	0	0	0
BACasv417	0.000356134	0.000935297	0.0003861	0.000544544	0	0	0	0
BACasv418	0	0	0	0	0	0	0	0
BACasv419	0.000641041	0.001002104	0.000444015	0	0	0	0	0
BACasv420	0	0	0	0	0	0	0	0
BACasv421	0	0	0	0	0	0	0	0
BACasv422	0	0	0.000598456	0.000471938	0	0	0	0
BACasv423	0	0	0	0	0	0	0	0
BACasv424	0	0	0	0	0	0	0	0
BACasv425	0.000641041	0.001135718	0	0	0	0	0	0
BACasv426	0.000261165	0.000534456	0	0.001197996	0	0.000726533	0.000550413	0
BACasv427	0	0	0	0	0	0	0	0
BACasv428	0.000237423	0	0	0	0	0.001235106	0.000750563	0.000944807
BACasv429	0.000783494	0.000835087	0.00015444	0	0	0	0	0
BACasv430	0	0.000400842	0.000810811	0.000653452	0	0	0	0
BACasv431	0	0	0.00015444	0	0	0	0.001200901	0
BACasv432	0	0	0	0	0	0	0	0
BACasv433	0	0	0	0	0	0	0	0
BACasv434	0	0	0	0	0	0	0	0
BACasv435	0	0	0	0	0	0	0	0
BACasv436	0	0	0	0	0	0	0	0
BACasv437	0	0	0	0	0	0	0	0
BACasv438	0.000759752	0	0	0	0	0	0	0
BACasv439	0.000546072	0.001068911	0.00023166	0.000471938	0	0	0	0
BACasv440	0.000783494	0.001402946	0.000868726	0.001415814	0	0	0.000750563	0
BACasv441	0.000427361	0	0.000617761	0	0	0	0	0
BACasv442	0	0.000167017	0.000444015	0.001161693	0	0	0	0
BACasv443	0	0	0	0	0	0	0	0
BACasv444	0	0	0	0	0	0	0	0
BACasv445	0	0	0	0	0	0	0	0
BACasv446	0	0	0	0	0	0	0	0
BACasv447	0	0	0	0	0	0	0	0
BACasv448	0	0	0	0	0	0	0	0
BACasv449	0.000712268	0.001035508	0.000173745	0.000181515	0	0	0	0
BACasv450	0.001828154	0.002037612	0.000945946	0.00199666	0	0	0	0
BACasv451	0.000237423	0.000267228	0.000289575	0.000326726	0	0.000363266	0.000650488	0
BACasv452	0	0	0	0	0	0	0	0
BACasv453	0	0	0	0	0	0	0	0
BACasv454	0	0	0	0	0	0	0	0
BACasv455	0.000498587	0	0.000135135	0	0	0	0	0
BACasv456	0	0	0	0	0	0	0	0
BACasv457	0	0	0.00011583	0	0	0	0	0
BACasv458	4.75E-05	0	0	0	0	0	0	0
BACasv459	0.00052233	0.001002104	0.00023166	0.000399332	0	0	0	0
BACasv460	0	0	0.000579151	0	0	0	0	0
BACasv461	0	0	0.000579151	0	0	0	0	0
BACasv462	0.00094969	0.000334035	0.000868726	0.000145212	0	0	0.000700525	0
BACasv463	0	0	0	0	0	0	0	0
BACasv464	0	0	0	0	0	0	0	0
BACasv465	0	0	0	0	0	0	0	0
BACasv466	0.000617299	0.000968701	0	0	0	0	0	0
BACasv467	0.000261165	0.000467649	0.000559846	0.000943876	0	0	0	0
BACasv468	0	0	0	0	0	0	0	0
BACasv469	0	0	0	0	0	0	0	0
BACasv470	0.000664783	0	0	0	0	0	0	0
BACasv471	0	0	0	0	0	0	0	0
BACasv472	0.000356134	0.000701473	0.000135135	0	0	0.000944493	0.000450338	0
BACasv473	0	0	0	0	0	0	0	0
BACasv474	0	0	0	0	0	0	0	0
BACasv475	0	0	0	0	0	0	0	0
BACasv476	0	0	0	0	0	0	0	0
BACasv477	0	0	0	0	0	0	0	0
BACasv478	0	0	0	0	0	0	0	0
BACasv479	0	0	0	0	0	0	0	0
BACasv480	0	0	0	0	0	0	0	0
BACasv481	0	0	0	0	0	0	0	0
BACasv482	0.000641041	0.000701473	0.00027027	0	0	0	0	0
BACasv483	0.000569814	0.000901894	0	0	0	0	0	0
BACasv484	0.000498587	0.00066807	0.000694981	0.000435635	0	0	0	0
BACasv485	0	0	0	0	0	0	0	0
BACasv486	0	0	0	0	0	0	0	0
BACasv487	0	0	0.00015444	0	0	0	0	0
BACasv488	0	0	0	0	0	0	0	0
BACasv489	0	0	0	0	0	0	0	0.001653413
BACasv490	0	0	0.00019305	0.000290423	0	0.001671026	0.000550413	0
BACasv491	0	0	0	0	0	0	0	0
BACasv492	0.000617299	0.00076828	0	0	0	0	0	0
BACasv493	0.000617299	0.000601263	0.00030888	0.000435635	0	0.00065388	0	0
BACasv494	0.000427361	0.00086849	0.00034749	0	0	0	0.000150113	0
BACasv495	0.000593556	0.00066807	0.001409266	0.000943876	0	0	0	0
BACasv496	0	0	0	0	0.000785272	0	0.000650488	7.87E-05
BACasv497	9.50E-05	0	0	0	0	0	0	0
BACasv498	0	0	0	0	0	0	0	0
BACasv499	0	0	0	0	0	0	0	0
BACasv500	0	0	0	0	0	0	0	0
BACasv501	0	0	0	0	0	0	0	0
BACasv502	0	0	0	0	0	0	0	0
BACasv503	0	0	0	0	0	0	0	0
BACasv504	0	0	0	0	0	0	0	0
BACasv505	0	0	0	0	0	0	0	0
BACasv506	0	0	0	0	0	0	0	0
BACasv507	0.001234597	0.000233824	0.0003861	0.000435635	0.001221534	0.000726533	0.00060045	0
BACasv508	0	0	0	0	0	0	0	0
BACasv509	0	0	0	0	0	0	0	0
BACasv510	0	0	0	0	0	0	0	0
BACasv511	0.000641041	0.001068911	0.00046332	0.000689755	0	0	0.000950713	0
BACasv512	0	0	0	0	0	0	0.000150113	0
BACasv513	0	0.000601263	0	0.000326726	0	0	5.00E-05	0
BACasv514	0.000332392	0.000267228	0.00042471	0.000217817	0	0.000799186	0	0.001102275
BACasv515	0	0	0	0	0	0	0	0
BACasv516	0	0	0	0	0	0	0	0
BACasv517	0	0.000367438	0	0	0	0	0	0
BACasv518	0	0	0	0	0	0	0	0
BACasv519	0	0	0	0	0	0	0	0
BACasv520	0	0	0	0	0	0	0	0
BACasv521	0.000166196	0.000467649	0	0.000181515	0	0	0	0
BACasv522	0	0	0	0	0	0	0	0
BACasv523	0	0	0	0	0	0	0	0
BACasv524	0	0	0	0	0	0	0	0
BACasv525	0	0	0	0	0	0	0	0
BACasv526	0	0	0	0	0	0	0	0
BACasv527	0	0	0	0	0	0	0	0
BACasv528	0.000142454	0.000701473	0.000559846	0.000834967	0.00034901	0	0	0
BACasv529	0.000546072	0.000701473	0.00034749	0.000544544	0	0	0	0
BACasv530	0.000332392	0.00076828	0.000328185	0.000617149	0	0	0	0
BACasv531	0.000189938	0.001035508	0.000173745	0.000798664	0	0.00021796	0.00020015	0
BACasv532	0	0.00076828	0	0	0	0	0	0
BACasv533	0.000641041	0	0.000328185	0.001379511	0.002617573	0	0.00020015	0
BACasv534	0	0	0	0	0	0	0	0
BACasv535	0	0	0	0	0	0	0	0
BACasv536	0	0	0.00023166	0.000326726	0	0	0	0
BACasv537	0	0	0	0	0	0	0	0
BACasv538	0	0	0	0	0	0	0	0
BACasv539	0.000261165	0.000300631	0.00023166	0	0	0	0	0
BACasv540	0	0	0	0	0	0	0	0
BACasv541	0	0	0	0	0.000872524	0	0	0
BACasv542	0	0	0	0	0	0	0	0
BACasv543	0	0	0	0	0	0	0	0
BACasv544	0	0	0	0	0	0	0	0
BACasv545	0	0	0	0	0	0	0	0
BACasv546	0.000498587	0.000734877	0	0	0	0	0	0
BACasv547	0.000261165	0	0.00042471	0.000363029	0	0	0	0
BACasv548	0.000284907	0.000367438	0.00042471	0.000399332	0	0	0	0
BACasv549	7.12E-05	0.000167017	0	0.000290423	0	0.000290613	0.000450338	0.000866074
BACasv550	0	0	0	0	0	0	0	0
BACasv551	0	0	0	0	0	0	0	0
BACasv552	0	0	0	0	0	0	0	0
BACasv553	0	0	0	0	0	0	0	0
BACasv554	0	0	0	0	0	0	0	0
BACasv555	0	0	0	0	0	0	0	0
BACasv556	0	0	0	0	0	0.000145307	0	0.001102275
BACasv557	0	0	0	0	0	0	0	0
BACasv558	0	0	0	0	0	0	0	0
BACasv559	0	0	0	0	0	0	0	0
BACasv560	0.000427361	0.000701473	0	0	0	0	0	0
BACasv561	0	0	0	0	0	0.001525719	0	0
BACasv562	0.000237423	0.000434245	0	0	0.000436262	0.00043592	0.000500375	0.001732147
BACasv563	0	0	0	0	0	0	0	0
BACasv564	0	0	0	0	0	0	0	0
BACasv565	0	0	0	0	0	0	0	0
BACasv566	0	0	0	0	0	0	0	0
BACasv567	0	0	0	0	0	0	0	0
BACasv568	0	0	0	0	0	0	0	0
BACasv569	0	0	0	0	0	0.000944493	0	0
BACasv570	0	0	0	0	0	0	0	0
BACasv571	0	0	0	0	0	0	0	0
BACasv572	7.12E-05	0	0	0	0	0	0	0
BACasv573	0	0	0	0	0	0	0	0
BACasv574	0	0	0	0	0	0	0	0
BACasv575	0.000474845	0.000467649	0	0	0	0	0	0
BACasv576	0.000474845	0.000567859	0	0	0	0	0	0
BACasv577	0.000474845	0.000567859	0.000289575	0.000435635	0	0	0	0
BACasv578	0.000474845	0	0	0	0	0	0	0
BACasv579	0	0	0.0003861	0	0.000610767	0	0	0
BACasv580	0	0	0	0	0.000523515	0	0	0
BACasv581	0.000142454	0	0.00011583	0	0	0	0.000350263	0
BACasv582	0	0	0	0	0	0	0	0
BACasv583	0	0	0	0	0	0	0	0
BACasv584	0	0	0	0	0	0	0	0
BACasv585	0	0	0	0	0	0	0	0
BACasv586	0	0	0	0	0	0	0	0
BACasv587	0.000403618	0.000601263	0.00011583	0	0	0	0	0
BACasv588	0	0	0	0	0	0	0	0
BACasv589	0	0	0	0	0	0	0	0
BACasv590	0	0	0	0	0	0	0	0
BACasv591	0	0	0	0	0	0	0	0
BACasv592	0	0	0	0	0	0	0	0
BACasv593	0	0	0	0	0	0	0	0
BACasv594	0	0	0	0	0	0	0	0
BACasv595	0	0	0	0	0	0	0	0
BACasv596	0	0	0	0	0	0	0.000650488	0
BACasv597	0.000166196	0	0.000135135	0.000108909	0	0.00043592	0	0
BACasv598	0	0	0	0	0	0	0	0
BACasv599	0	0	0	0	0	0	0	0
BACasv600	0	0	0	0	0	0	0	0
BACasv601	0	0	0	0	0	0	0	0
BACasv602	0	0	0	0	0	0	0	0
BACasv603	0	0	0	0	0	0	0	0
BACasv604	0	0	0	0	0	0	0	0
BACasv605	0	0.000567859	0	0	0	0	0	0
BACasv606	0.000451103	0	0	0	0	0	0	0
BACasv607	0.000451103	0	0	0	0	0	0	0
BACasv608	0.000451103	0.000534456	0	0.000181515	0	0	0	0
BACasv609	0	0.000634666	0	0	0	0	0	0
BACasv610	0	0.000634666	0	0	0	0.000799186	0	0
BACasv611	0	0.000634666	0	0	0	0	0	0
BACasv612	0	0	0.00027027	0.000689755	0	0	0	0
BACasv613	0	0	0	0	0	0	0	0
BACasv614	0.000403618	0	0	0	0	0	0	0
BACasv615	0	0	0	0	0	0	0	0
BACasv616	0	0	0	0	0	0	0	0
BACasv617	0	0	0	0	0	0	0	0
BACasv618	0	0	0	0	0	0	0	0
BACasv619	0	0	0	0	0	0	0	0
BACasv620	0	0	0	0	0	0	0	0
BACasv621	0	0	0.00011583	0.000181515	0	0	0	0
BACasv622	0.000308649	0	0	0	0	0	0	0
BACasv623	0	0	0	0	0	0	0	0
BACasv624	0	0	0	0	0	0	0	0
BACasv625	0	0	0	0	0	0	0	0
BACasv626	0	0	0	0	0	0	0	0
BACasv627	0	0	0	0	0	0	0	0
BACasv628	0	0	0	0	0	0	0	0
BACasv629	0	0	0	0	0	0	0	0
BACasv630	0	0	0	0	0	0	0	0
BACasv631	0	0	0	0	0	0	0	0
BACasv632	0	0	0	0	0	0	0	0
BACasv633	0.000427361	0.000434245	0	0	0	0	0	0
BACasv634	0.000427361	0	0	0	0	0	0	0
BACasv635	0	0.000601263	0	0	0	0	0	0
BACasv636	0	0	0.00034749	0.000580847	0	0	0	0
BACasv637	0	0.000334035	0	0	0	0.00065388	0.000300225	0.000708606
BACasv638	0	0	0	0	0	0	0	0
BACasv639	0	0	0	0	0	0	0	0
BACasv640	0	0	0	0	0	0	0	0
BACasv641	0	0	0	0	0	0	0	0
BACasv642	0	0	0	0	0	0	0	0
BACasv643	0	0	0	0	0	0	0	0
BACasv644	0	0	0	0	0	0	0	0
BACasv645	0.00021368	0.000467649	0	0	0	0	0	0
BACasv646	0	0	0	0	0	0	0	0
BACasv647	0	0	0	0	0	0	0	0
BACasv648	0	0	0	0	0	0	0	0
BACasv649	0.000403618	0.000367438	7.72E-05	0	0	0	0	0
BACasv650	0.000332392	0.000233824	0.000328185	0.000326726	0	0	0	0
BACasv651	0	0	0	0	0	0	0	0
BACasv652	0	0	0	0	0	0	0	0
BACasv653	0	0	0	0	0	0	0	0
BACasv654	0	0	0	0	0	0	0	0
BACasv655	0	0	0	0	0	0	0	0
BACasv656	0	0	0	0	0	0	0	0
BACasv657	0	0	0	0	0	0	0	0
BACasv658	0	0	0	0	0	0	0	0
BACasv659	0	0	0	0	0	0	0	0
BACasv660	0	0	0	0	0	0	0	0
BACasv661	0	0	3.86E-05	0	0	0	0	0
BACasv662	0	0	0	0	0	0	0	0
BACasv663	0	0	0	0	0	0	0	0
BACasv664	0	0	0	0	0	0	0	0
BACasv665	0	0	0	0	0	0	0	0
BACasv666	0	0	0	0	0	0	0	0
BACasv667	0	0	0	0	0	0	0	0
BACasv668	0	0	0	0	0	0	0	0
BACasv669	0.000379876	0.000300631	0.00015444	0	0	0	0.000450338	0
BACasv670	0	0	0.00030888	0	0	0	0	0
BACasv671	0.00021368	0	0.00030888	0.000399332	0	0	0	0.000708606
BACasv672	0	0.000434245	0	0	0	0	0.0008006	0.000551138
BACasv673	0.000261165	0	0	0	0	0	0	0.00078734
BACasv674	0	0	0	0	0	0	0	0
BACasv675	0	0	0	0	0	0	0	0
BACasv676	0	0	0	0	0	0	0	0
BACasv677	0	0	0	0	0	0	0	0
BACasv678	0	0	0	0	0	0	0	0
BACasv679	0	0	0	0	0	0	0	0
BACasv680	0	0	0	0	0	0	0	0
BACasv681	0	0	0	0	0	0	0	0
BACasv682	0	0.000467649	0	0	0	0	0	0
BACasv683	0	0	0	0	0	0	0	0
BACasv684	0	0	0	0	0	0	0	0
BACasv685	0	0	0	0	0	0	0	0
BACasv686	0	0.000167017	0.000289575	0	0	0	0	0
BACasv687	0	0	0.000289575	0	0	0	0	0
BACasv688	0.000261165	0	0.000289575	0	0	0	0	0
BACasv689	0	0	0.000173745	0	0.001047029	0	0.000750563	0
BACasv690	0.000118711	0	0.00027027	0	0.000261757	0	0.000350263	0
BACasv691	0	0	0	0	0	0	0	0
BACasv692	0	0	0	0	0	0	0	0
BACasv693	0	0	0	0	0	0	0	0
BACasv694	0	0	0	0	0	0	0	0
BACasv695	0	0	0	0	0	0	0	0
BACasv696	0	0	0	0	0	0	0	0
BACasv697	0	0	0	0	0	0	0	0
BACasv698	0	0	0	0	0	0	0	0
BACasv699	0	0	0	0	0	0	0	0
BACasv700	0	0	0	0	0	0	0	0
BACasv701	0	0	0	0	0	0	0	0
BACasv702	0	0	0	0	0	0	0	0
BACasv703	0	0	0	0	0	0	0	0
BACasv704	0	0	0	0	0	0	0	0
BACasv705	0	0	0	0	0	0	0	0
BACasv706	0	0	0	0	0	0	0	0
BACasv707	0	0	0	0	0	0	0	0
BACasv708	0	0	0	0	0	0	0	0
BACasv709	0	0	0	0	0	0	0	0
BACasv710	0	0	0	0	0	0	0	0
BACasv711	0	0	0	0	0	0	0	0
BACasv712	0.000474845	0	0	0	0	0	0	0
BACasv713	0	0	0	0	0	0	0	0
BACasv714	0	0	0	0	0	0	0	0
BACasv715	0	0	0	0	0	0	0	0
BACasv716	0	0	0	0	0	0	0	0
BACasv717	0	0	0	0	0	0	0	0
BACasv718	0	0	0	0	0	0	0	0
BACasv719	0	0	0	0	0	0	0	0
BACasv720	4.75E-05	0	0	0	0	0	0	0
BACasv721	0	0	0	0	0	0	0	0
BACasv722	0	0	0	0	0	0	0	0
BACasv723	0	0	0	0	0	0	0	0
BACasv724	0	0	0	0	0	0	0	0
BACasv725	0.000308649	0	0	0	0	0	0	0
BACasv726	0	0	0.000366795	0.000834967	0	0	0.000450338	0
BACasv727	0	0	0.000250965	0.00025412	0	0	0	0
BACasv728	0	0	9.65E-05	0.000471938	0	0	0	0
BACasv729	0.000189938	0.000267228	0	0.000471938	0	0	0	0
BACasv730	0	0	0	0	0	0	0	0
BACasv731	0	0	0	0	0	0	0	0
BACasv732	0	0	0	0	0	0	0	0
BACasv733	0	0	0	0	0	0	0	0
BACasv734	0	0	0	0	0	0	0	0
BACasv735	0	0	0	0	0	0	0	0
BACasv736	0	0	0.000135135	0	0	0	0	0
BACasv737	0	0	0	0	0	0	0	0
BACasv738	0	0	0	0	0	0	0	0
BACasv739	0	0	0	0	0	0	0	0
BACasv740	0	0	0	0	0	0	0	0
BACasv741	0	0	0	0	0	0	0	0
BACasv742	0	0	0	0	0	0	0	0
BACasv743	0	0	0	0	0	0	0	0
BACasv744	0	0	0	0	0	0	0	0
BACasv745	0	0	0	0	0	0	0	0
BACasv746	0	0	0	0	0	0	0	0
BACasv747	0	0	0	0	0	0	0	0
BACasv748	0	0.000400842	0	0	0	0	0.00060045	0
BACasv749	0.000189938	0.000400842	0.00015444	0.000326726	0	0	0	0
BACasv750	0	0	0	0	0	0	0	0.000944807
BACasv751	0	0	0	0	0	0	0	0
BACasv752	0	0	0	0	0	0	0	0
BACasv753	0	0	0	0	0	0	0	0
BACasv754	0	0	0	0	0	0	0	0
BACasv755	0	0	0	0	0	0	0	0
BACasv756	0	0	0	0	0	0	0	0
BACasv757	0	0	0	0	0	0	0	0
BACasv758	0	0	0	0	0	0	0	0
BACasv759	0	0	0	0	0	0	0	0
BACasv760	0	0	0	0	0	0	0	0
BACasv761	0	0	0	0	0	0	0	0
BACasv762	0	0	0	0	0	0	0	0
BACasv763	0	0	0	0	0	0	0	0
BACasv764	0	0	0	0	0	0	0	0
BACasv765	0	0	0	0	0	0	0	0
BACasv766	0	0	0	0	0	0	0	0
BACasv767	0	0	0	0	0	0	0	0
BACasv768	0	0	0	0	0	0	0	0
BACasv769	0	0	0	0	0	0	0	0
BACasv770	0.000189938	0.000300631	0	0	0	0	0	0
BACasv771	0	0	0	0	0	0	0	0
BACasv772	0	0	0	0	0	0	0	0
BACasv773	0.000261165	0.000167017	0.000135135	0	0	0	0	0
BACasv774	0.000261165	0	0	0	0	0	0	0
BACasv775	0.000189938	0.000367438	0	0	0	0.000508573	0	0
BACasv776	0	0	0.000212355	0	0	0	0	0
BACasv777	0	0	0	0	0	0	0	0
BACasv778	0	0	0	0	0	0	0	0
BACasv779	0	0	0	0	0	0	0	0
BACasv780	0	0	0	0	0	0	0	0
BACasv781	0	0	0	0	0	0	0	0
BACasv782	0	0	0	0	0	0	0	0
BACasv783	0	0	0	0	0	0	0	0
BACasv784	0	0	0	0	0	0	0	0
BACasv785	0	0	0	0	0	0	0	0
BACasv786	0	0	0	0	0	0	0	0
BACasv787	0	0	0	0	0	0	0	0
BACasv788	0	0	0	0	0	0	0	0
BACasv789	0	0	0	0	0	0	0	0
BACasv790	0	0	0	0	0	0	0	0
BACasv791	0	0	0	0	0	0	0	0
BACasv792	0	0.00010021	0	0	0	0	0	0
BACasv793	0.000237423	0.000200421	0.00011583	0	0	0	0	0
BACasv794	0.000237423	0	0	0	0	0	0	0
BACasv795	0	0	0.00019305	0	0	0	0	0
BACasv796	0	0	0	0.000363029	0	0	0	0
BACasv797	0	0	0	0	0	0	0.000500375	0
BACasv798	0	0	0	0	0	0	0	0
BACasv799	0	0	0	0	0	0	0	0
BACasv800	0	0	0	0	0	0.000290613	0	0
BACasv801	0	0	0	0	0	0	0	0
BACasv802	0	0	0	0	0	0	0	0
BACasv803	0	0	0	0	0	0	0	0
BACasv804	0	0	0	0	0	0	0	0
BACasv805	0	0	0	0	0	0	0	0
BACasv806	0	0	0	0	0	0	0	0
BACasv807	0	0	0	0	0	0	0	0
BACasv808	0	0	0	0	0	0	0	0
BACasv809	0	0	0	0	0	0	0	0
BACasv810	0	0	0	0	0	0	0	0
BACasv811	0	0	0	0	0	0	0	0
BACasv812	0	0	0	0	0	0	0	0
BACasv813	0	0	0	0	0	0	0	0
BACasv814	0	0	0	0	0	0	0	0
BACasv815	0	0	0	0	0	0	0	0
BACasv816	0	0	0	0	0	0	0	0
BACasv817	0	0	0	0	0	0	0	0
BACasv818	0	0	0	0	0	0	0	0
BACasv819	0	0	0	0	0	0	0	0
BACasv820	0	0	0	0	0	0	0	0
BACasv821	0	0	0	0	0	0	0	0
BACasv822	0	0	0	0	0	0	0	0
BACasv823	0.000142454	0.000267228	0	0	0	0	0	0
BACasv824	0	0.000200421	0	0	0	0	0	0
BACasv825	0	0	0	0	0	0	0	0
BACasv826	0	0	0	0	0	0	0	0
BACasv827	0	0	0	0	0	0	0	0
BACasv828	0	0	0	0	0	0	0	0
BACasv829	0	0	0	0	0	0	0	0
BACasv830	0	0.000300631	0	0	0	0	0	0
BACasv831	0	0.000300631	0	0	0	0	0	0
BACasv832	0	0	0.000173745	0	0	0	0	0
BACasv833	0	0	0	0.000326726	0	0	0	0
BACasv834	0	0	0	0.000326726	0	0	0	0
BACasv835	0	0	0	0	0	0	0	0.000708606
BACasv836	0	0	0	0	0	0	0	0
BACasv837	0	0	0	0	0	0	0	0
BACasv838	0	0	0	0	0	0	0	0
BACasv839	0	0	0	0	0	0	0	0
BACasv840	0	0	0	0	0	0	0	0
BACasv841	0	0	0	0	0	0	0	0
BACasv842	0	0	0	0	0	0	0	0
BACasv843	0	0	0	0	0	0	0	0
BACasv844	0	0	0	0	0	0	0	0
BACasv845	0	0	0	0	0	0	0	0
BACasv846	0	0	0	0	0	0	0	0
BACasv847	0	0	0	0	0	0	0	0
BACasv848	0	0	0	0	0	0	0	0
BACasv849	0	0	0	0	0	0	0	0
BACasv850	0	0	0	0	0	0	0	0
BACasv851	0	0	0	0	0	0	0	0
BACasv852	0	0	0	0	0	0	0	0
BACasv853	0	0	0	0	0	0	0	0
BACasv854	0	0	0	0	0	0	0	0
BACasv855	0	0	0	0	0	0	0	0
BACasv856	0	0	0	0	0	0	0	0
BACasv857	0	0	0	0	0	0	0	0
BACasv858	0	0	0	0	0	0	0	0
BACasv859	0	0	0	0	0	0	0	0
BACasv860	0	0	0	0	0	0	0	0
BACasv861	0	0	0	0	0	0	0	0
BACasv862	0	0	0	0	0	0	0	0
BACasv863	0	0	0	0	0	0	0	0
BACasv864	0	0	0	0	0	0	0	0
BACasv865	0.000189938	0	0	0	0	0	0	0
BACasv866	0.000189938	0	0	0	0	0	0	0
BACasv867	0.000189938	0	0	0	0	0	0	0
BACasv868	0	0	0.00015444	0	0	0	0	0
BACasv869	0	0	0	0.000290423	0	0	0	0
BACasv870	0	0	0	0	0.000698019	0	0	0
BACasv871	0	0	0	0	0	0	0.0004003	0
BACasv872	0	0	0	0	0	0	0	0.000629872
BACasv873	0	0	0	0	0	0	0	0
BACasv874	0	0	0	0	0	0	0	0
BACasv875	0	0	0	0	0	0	0	0
BACasv876	0	0	0	0	0	0	0	0
BACasv877	0	0	0	0	0	0	0	0
BACasv878	0	0	0	0	0	0	0	0
BACasv879	0	0	0	0	0	0	0	0
BACasv880	0	0	0	0	0	0	0	0
BACasv881	0	0	0	0	0	0	0	0
BACasv882	0	0	0	0	0	0	0	0
BACasv883	0	0	0	0	0	0	0	0
BACasv884	0	0	0	0	0	0	0	0
BACasv885	0	0	0	0	0	0	0	0
BACasv886	0	0	0	0	0	0	0	0
BACasv887	0	0	0	0	0	0	0	0
BACasv888	0	0	0	0	0	0	0	0
BACasv889	0	0	0	0	0	0	0	0
BACasv890	0.000142454	0	0	0	0	0	0	0.000314936
BACasv891	0	0	0	0	0	0	0	0
BACasv892	0	0	0	0	0	0	0	0
BACasv893	0	0	0	0	0	0	0	0
BACasv894	0	0	0	0	0	0	0	0
BACasv895	0	0	0	0	0	0	0	0
BACasv896	0	0	0	0	0	0	0	0
BACasv897	0.000166196	0	0	0	0	0	0	0
BACasv898	0	0.000233824	0	0	0	0	0	0
BACasv899	0	0	0.000135135	0	0	0	0	0
BACasv900	0	0	0	0.00025412	0	0	0	0
BACasv901	0	0	0	0	0.000610767	0	0	0
BACasv902	0	0	0	0	0.000610767	0	0	0
BACasv903	0	0	0	0	0	0.000508573	0	0
BACasv904	0	0	0	0	0	0	0	0
BACasv905	0	0	0	0	0	0	0	0
BACasv906	0	0	0	0	0	0	0	0
BACasv907	0	0	0	0	0	0	0	0
BACasv908	0	0	0	0	0	0	0	0
BACasv909	0	0	0	0	0	0	0	0
BACasv910	0	0	0	0	0	0	0	0
BACasv911	0	0	0	0	0	0	0	0
BACasv912	0	0	0	0	0	0	0	0
BACasv913	0	0	0	0	0	0	0	0
BACasv914	0	0	0	0	0	0	0	0
BACasv915	0	0	0	0	0	0	0	0
BACasv916	0	0	0	0	0	0	0	0
BACasv917	0	0	0	0	0	0	0	0
BACasv918	0	0	0	0	0	0	0	0
BACasv919	0	0	0	0	0	0	0	0
BACasv920	0	0	0	0	0	0	0	0
BACasv921	0	0	0	0	0	0	0	0
BACasv922	0	0	0	0	0	0	0	0
BACasv923	0	0	0	0	0	0	0	0
BACasv924	0	0	0	0	0	0	0	0
BACasv925	0.000142454	0	0	0	0	0	0	0
BACasv926	0.000142454	0	0	0	0	0	0	0
BACasv927	0.000142454	0	0	0	0	0	0.000250188	0
BACasv928	0	0.000200421	0	0	0	0	0	0
BACasv929	0	0.000200421	0	0	0	0	0	0
BACasv930	9.50E-05	0.000200421	0	0	0.00034901	0	0.000150113	0
BACasv931	0	0.000200421	0	0	0	0	0	0
BACasv932	0	0	0.00011583	0	0	0	0	0
BACasv933	0	0	0.00011583	0.000145212	0	0	0	0
BACasv934	0	0	0.00011583	0	0	0	0	0
BACasv935	0	0	0.00011583	0	0	0	0	0
BACasv936	0	0	0	0	0	0	0.000300225	0
BACasv937	0	0	0	0	0	0	0.000300225	0
BACasv938	0	0	0	0	0	0	0	0
BACasv939	0	0	0	0	0	0	0	0
BACasv940	0	0	0	0	0	0	0	0
BACasv941	0	0	0	0	0	0	0	0
BACasv942	0	0	0	0	0	0	0	0
BACasv943	0	0	0	0	0	0	0	0
BACasv944	0	0	0	0	0	0	0	0
BACasv945	0	0	0	0	0	0	0	0
BACasv946	0	0	0	0	0	0	0	0
BACasv947	0	0	0	0	0	0	0	0
BACasv948	0	0	0	0	0	0	0	0
BACasv949	0	0	0	0	0	0	0	0
BACasv950	0	0	0	0	0	0	0	0
BACasv951	0	0	0	0	0	0	0	0
BACasv952	0	0	0	0	0	0	0	0
BACasv953	0	0	0	0	0	0	0	0
BACasv954	0	0	0	0	0	0	0	0
BACasv955	0	0	0	0	0	0	0	0
BACasv956	0	0	0	0	0	0	0	0
BACasv957	0	0	0	0	0	0	0	0
BACasv958	0	0	0	0	0	0	0	0
BACasv959	0	0	0	0	0	0	0	0
BACasv960	0	0	0	0	0	0	0	0
BACasv961	0	0	0	0	0	0	0	0
BACasv962	0.000118711	0	0	0	0	0.00021796	0	0
BACasv963	0.000118711	0	0	0	0	0	0	0
BACasv964	0.00021368	0	0	0	0	0	0	0
BACasv965	0.000118711	0	0	0	0	0	0	0
BACasv966	0	0.000167017	0	0	0	0	0	0
BACasv967	0	0	9.65E-05	0	0	0	0	0
BACasv968	0	0	9.65E-05	0	0	0	0	0
BACasv969	0	0.000133614	9.65E-05	0	0	0	0	0
BACasv970	0	0	0	0.000181515	0	0	0	0
BACasv971	0	0	0	0.000181515	0	0	0	0
BACasv972	0	0	0	0.000181515	0	0	0	0
BACasv973	0	0	0	0	0.000261757	0	0	0
BACasv974	0	0	0	0	0	0	0	0
BACasv975	0	0	0	0	0	0	0	0
BACasv976	0	0	0	0	0	0	0	0
BACasv977	0	0	0	0	0	0	0	0
BACasv978	0	0	0	0	0	0	0	0
BACasv979	0	0	0	0	0	0	0	0
BACasv980	0	0	0	0	0	0	0	0
BACasv981	0	0	0	0	0	0	0	0
BACasv982	0	0	0	0	0	0	0	0
BACasv983	0	0	0	0	0	0	0	0
BACasv984	0	0	0	0	0	0	0	0
BACasv985	0	0	0	0	0	0	0	0
BACasv986	0	0	0	0	0	0	0	0
BACasv987	0	0	0	0	0	0	0	0
BACasv988	9.50E-05	0	0	0	0.00034901	0	0	0
BACasv989	0	0	0	0	0	0	0	0
BACasv990	0	0	0	0	0	0	0	0
BACasv991	0	0	0	0	0	0	0	0
BACasv992	0	0	0	0	0	0	0	0
BACasv993	9.50E-05	0	5.79E-05	0	0	0	0	0
BACasv994	9.50E-05	0	0	0	0	0	0	0
BACasv995	0	0	0	0.000145212	0	0	0	0
BACasv996	0	0	0	0	0	0.000290613	0	0
BACasv997	0	0	0	0	0	0	0	0.000314936
BACasv998	0	0	0	0	0	0	0	0
BACasv999	0	0	0	0	0	0	0	0
BACasv1000	0	0	0	0	0	0	0	0
BACasv1001	0	0	0	0	0	0	0	0
BACasv1002	0	0	0	0	0	0	0	0
BACasv1003	0	0	0	0	0	0	0	0
BACasv1004	0	0	0	0	0	0	0	0
BACasv1005	0	0	0	0	0	0	0	0
BACasv1006	0	0	0	0	0	0	0	0
BACasv1007	0	0	0	0	0	0	0	0
BACasv1008	0	0	0	0	0	0	0	0
BACasv1009	0	0	0	0	0	0	0	0
BACasv1010	0	0	0	0	0	0	0	0
BACasv1011	0	0	0	0	0	0	0	0
BACasv1012	0	0	0	0	0	0	0	0
BACasv1013	0	0	0	0	0	0	0	0
BACasv1014	0	0	0	0	0	0	0	0
BACasv1015	7.12E-05	0	0	0	0	0	0	0
BACasv1016	7.12E-05	0	0	0	0	0	0	0
BACasv1017	7.12E-05	0	0	0	0	0	0	0
BACasv1018	0	0	0	0.000108909	0	0	0	0
BACasv1019	0	0	0	0	0	0	0.000150113	0
BACasv1020	0	0	0	0	0	0	0	0
BACasv1021	0	0	0	0	0	0	0	0
BACasv1022	0	0	0	0	0	0	0	0
BACasv1023	0	0	0	0	0	0	0	0
BACasv1024	0	0	0	0	0	0	0	0
BACasv1025	0	0	0	0	0	0	0	0
BACasv1026	0	0	0	0	0	0	0	0
BACasv1027	0	6.68E-05	0	0	0	0	0	0
BACasv1028	0	0	0	0	0	0	0	0
BACasv1029	0	0	0	0	0	0	0	0
BACasv1030	0	0	0	0	0	0	0	0
BACasv1031	4.75E-05	0	0	0	0	0	0	0
BACasv1032	0	6.68E-05	0	0	0	0	0	0
BACasv1033	0	6.68E-05	0	0	0	0	0	0
BACasv1034	0	0	0	0	0.000174505	0	0	0
BACasv1035	0	0	0	0	0	0	0	0
BACasv1036	0	0	0	0	0	0	0	0
BACasv1037	0	0	0	0	0	0	0	0
BACasv1038	0	0	0	0	0	0	0	0
BACasv1039	0	0	0	0	0	0	0	0
BACasv1040	0	0	0	0	0	0	0	0
BACasv1041	0	0	0	0	0	0	0	0
BACasv1042	0	0	0	0	0	0	0	0
BACasv1043	0	0	0	0	0	0	0	0
BACasv1044	0	0	0	0	0	0	0	0
BACasv1045	0	0	0	0	0	0	0	0
BACasv1046	0	0	0	0	0	0	0	0
BACasv1047	0	0	0	0	0	0	0	0
FUNasv1	0.136777569	0.178543987	0.186404871	0.17243255	0.118539512	0.123842399	0.228045002	0.171741982
FUNasv2	0.033939769	0.017989779	0.012799801	0.014009767	0.003712626	0.006010032	0.002120581	0.000798855
FUNasv3	0.025082877	0.020599822	0.038827444	0.059097283	0.018638704	0.018421082	0.022399431	0.022904495
FUNasv4	0.06524344	0.031820566	0.058144512	0.078764143	0.092173256	0.050649597	0.125126981	0.072743532
FUNasv5	0.022017414	0.010049884	0.006241111	0.007953776	0.001634311	0.001552778	0.002171373	0.000524621
FUNasv6	0.063935376	0.068617287	0.10579512	0.106445218	0.025648292	0.050537887	0.042792564	0.037581972
FUNasv7	0.030305148	0.037418741	0.084627812	0.07844986	0.01282887	0.046035948	0.048633685	0.025730297
FUNasv8	0.044863602	0.050493347	0.04992889	0.044168842	0.058816305	0.033133371	0.0352372	0.054012162
FUNasv9	0.001977074	0.000536644	0.000110462	0.00010879	0.0003023	0.00021225	0.000292056	0.000250388
FUNasv10	0.002356512	0.001439182	0.000441849	0.000568127	0.000510132	0.000402158	0.000672999	0.001454632
FUNasv11	0	0	0.000662773	0.000290107	0.042407066	0.203436219	0.015974197	0.026731847
FUNasv12	0.032501897	0.018587406	0.015989396	0.022096509	0.003145813	0.003943385	0.002095185	0.004363897
FUNasv13	0.002206734	0.000487858	0.000110462	8.46E-05	0.00012281	0	0	0
FUNasv14	0.012211926	0.009805954	0.004611795	0.006406537	0.001058051	0.001117106	0.00139679	0.000321927
FUNasv15	0.037614331	0.028576307	0.000138078	0.000169229	0.00012281	0.010154496	0.122612759	0.001168475
FUNasv16	0.000519232	0.000865949	0.002678707	0.001232956	0.003372538	0.004859412	0.001079338	0.000274234
FUNasv17	0.023055877	0.041370394	0.017673943	0.013985591	0.01267772	0.010288549	0.010806075	0.025360677
FUNasv18	0.000289571	0	0.000207117	0.000350546	0.000387322	0	0	0
FUNasv19	0.001068419	0.000182947	0	9.67E-05	0.00015115	0.000167566	6.35E-05	0.009502802
FUNasv20	0.005481887	0.000597627	0.000179501	0.000290107	0.000906901	0.000223421	0.000126981	0.000286157
FUNasv21	0.008697128	0.003707724	0.000828466	0.000942849	0.010996174	0.00178737	0.000520622	0.002229641
FUNasv22	0.021578064	0.020099767	0.005536915	0.005173581	0.003429219	0.001921423	0.00359356	0.011958984
FUNasv23	0.028667572	0.036833311	0.015878933	0.011519679	0.029266449	0.008076678	0.002907863	0.011827829
FUNasv24	0.000968567	0.001073289	0.001366969	0.001402185	0.049756743	0.005831295	0.003453881	0.032931918
FUNasv25	0.00181731	0.000561037	0	0	0.000330641	0.000189908	0	0
FUNasv26	0.021747813	0.019453355	0.017839637	0.028744802	0.031854896	0.022889507	0.021193113	0.021473709
FUNasv27	0.014328793	0.011745192	0.014014885	0.015980079	0.012573804	0.043176156	0.014729785	0.024382974
FUNasv28	0.001318049	0.096181288	0.00760808	0.006575766	0.000585707	0.000323961	0.00146028	0.000453082
FUNasv29	0.000649039	0.000451269	0.000262348	0.000265932	0.004799018	0.05877096	0.006044291	0.010397043
FUNasv30	0.025751887	0.0258443	0.013780153	0.009525191	0.000292853	0.000804316	0.000736489	0.000918088
FUNasv31	0.000279586	0.000280519	0	3.63E-05	0.033980445	0.001943765	0.004761784	0.003314654
FUNasv32	0.002186764	0.001085485	0.000593734	0.000713181	0.000188938	0.00010054	0.000215868	0
FUNasv33	0.00470304	0.00179288	0.000828466	0.00126922	0.000358982	0	0	0
FUNasv34	0.02027	0.019416765	0.003797136	0.005028527	0.001350905	0.000904856	0.000571414	0.000441159
FUNasv35	0.004423453	0.003793099	0.00229209	0.004315347	0.000113363	0	0.000101585	0
FUNasv36	0.001707473	0.001146467	0.001035583	0.000979112	0.000557366	0.000480356	0.000177773	0.00100155
FUNasv37	0.004143867	0.00337842	0.006475843	0.004085678	0.006017666	0.006702637	0.029129419	0.016597115
FUNasv38	0.00336502	0.002219756	0.003382903	0.003324147	0.001020264	0.001284672	0.000812678	0.000727316
FUNasv39	0.047929065	0.051383688	0.059442442	0.053536892	0.049388314	0.061418502	0.058563592	0.103469655
FUNasv40	0.001977074	0.001475772	0.001988319	0.002888986	0.000113363	0.000167566	0.000507924	0
FUNasv41	0.006360586	0.004524887	0.008491777	0.010202108	0.004402248	0.008177218	0.014831369	0.049159413
FUNasv42	0.014149059	0.010818261	0.015381854	0.015158109	0.032091068	0.011517365	0.00737759	0.0180279
FUNasv43	0.00562168	0.007183715	0.009927785	0.00958563	0.002427849	0.007719204	0.007936306	0.00463813
FUNasv44	0.000539202	0.000390287	0.003410519	0.0014868	0.015606254	0.006970743	0.017637647	0.007797782
FUNasv45	0.003794384	0.002975936	0.001311738	0.002127454	0	0.000882514	0.001307903	0
FUNasv46	0.00179734	0.002256345	0.001146045	0.001571415	0.0003023	0.000938369	0.000761885	0.002897341
FUNasv47	0.006759995	0.007159322	0.007152424	0.011024079	0.002664022	0.014332473	0.009675945	0.013437463
FUNasv48	0.000888685	0.000536644	0	8.46E-05	6.61E-05	0	0	0
FUNasv49	0.00361465	0.002658828	0.001325546	0.002006576	0	0.000134053	0	0
FUNasv50	0.000469305	0	0	0	8.50E-05	0.000145224	0	0
FUNasv51	0.000499261	0.00017075	0.001311738	0.00209119	0.006990695	0.020789347	0.003187221	0.002921188
FUNasv52	0.01034469	0.0134405	0.01763252	0.023099797	0.048368051	0.025659931	0.025840614	0.027566472
FUNasv53	0.010264808	0.006366552	0.012772186	0.007434001	0.001615417	0.002088989	0.000622206	0.016477882
FUNasv54	0	0.000231733	0.012233683	0.003783483	0	0.002547002	3.81E-05	0.027721474
FUNasv55	0.001278108	0.000463466	0.000856082	0.000979112	0.000160597	0.000323961	0.00026666	0
FUNasv56	0.001258138	0.000707395	0.000787043	0.000326371	0.031420339	0.000849001	0.00053332	0.002480029
FUNasv57	0.000419379	0	0	0	0	0	0	0
FUNasv58	0.004423453	0.003695528	0.005868302	0.004049415	0.003523688	0.002580515	0.002184072	0.008405866
FUNasv59	0.001547709	0.001109878	0.001532662	0.002018664	0.001209201	0.001005396	0.001765035	0.000178848
FUNasv60	0.000329512	0.00017075	0	0.000132966	0.018695385	0	0	0.011637057
FUNasv61	0.001687502	0.0027564	0.003451942	0.003614254	0.005375278	0.005339768	0.003301503	0.006915464
FUNasv62	0.004842833	0.003732117	0.00309294	0.004194469	0.0003023	0.000335132	0.000469829	0.000894241
FUNasv63	0.004193793	0.001744094	0.001960703	0.0019824	0.001020264	0.000770803	0.000152377	0.000226541
FUNasv64	0.00204697	0.003475991	0.002941055	0.002925249	0.001983846	0.017851358	0.000355547	0.00166925
FUNasv65	0.000509246	0	0.000193309	0	0	0.000256934	0.000622206	0
FUNasv66	0	0	0	0.000157141	0.00012281	0.000458014	0.000520622	2.38E-05
FUNasv67	0	0	0.000690388	0	0.046535355	0.001396383	0.000253962	0.000107309
FUNasv68	0.007279227	0.006549499	0.007635696	0.004013152	0.002210571	0.001038909	0	0.000608084
FUNasv69	0.001507769	0.000219536	0	0	0	0	0	0
FUNasv70	0	0	0	0	0	0	0	0
FUNasv71	0.003105404	0.002195363	0.00179501	0.00209119	0	0	0	0
FUNasv72	0.002815833	0.000731788	0.001656932	0.000918673	0.00145482	0.006792006	0.000584112	0.000405389
FUNasv73	0.000698966	0.000280519	0	0	0.000160597	0	8.89E-05	3.58E-05
FUNasv74	0.000359468	0	0	0	0	0	0	0
FUNasv75	0.00179734	0.003634545	0.004791296	0.005330722	0.004090501	0.006389848	0.007364892	0.007583164
FUNasv76	0.002096897	0.002792989	0.019607031	0.011096606	0.003448113	0.005920663	0.004507822	0.006927388
FUNasv77	0.008497424	0.007903306	0.0014222	0.000954937	0.00027396	0.000759632	0.000546018	0.002933111
FUNasv78	0.00091864	0.000707395	0.000510887	0.000531863	0	0	0	0
FUNasv79	0.000109837	0	0	0	0	0	0	0
FUNasv80	0.000609099	0.001439182	0.00191928	0.000423073	0.020329696	0.000893685	0.003784031	0.009002027
FUNasv81	0.007578783	0.003122294	0.01157091	0.008606518	0.001350905	0.000256934	0	0.001120782
FUNasv82	0.000429365	0	0	0	0	0	0	0
FUNasv83	0.00020969	9.76E-05	0	0	0	0	0	0
FUNasv84	0.001048448	0.000939127	0.001891664	0.001607678	0.002352274	0	0	0
FUNasv85	0.00110836	0.00037809	0.000317579	0.00109999	0	0.000134053	0.000126981	0.000357696
FUNasv86	0.001078404	0.000975717	0.001684548	0.001523064	0.0003023	0.000111711	8.89E-05	0
FUNasv87	0.000589128	0.001927041	0.001532662	0.0019824	0	0.000290448	0.000380943	0.000202695
FUNasv88	0.004133882	0.004488297	0.003603828	0.004170293	0	7.82E-05	0	0.000262311
FUNasv89	0.000379438	0.000426876	0.000787043	0.000531863	0.000793538	0.00073729	0.014640898	0.003481579
FUNasv90	0.001487798	0.001061092	0.001077006	0.000979112	0.001766567	0	0.000380943	0.000536545
FUNasv91	0.00200703	0.000609823	0.001228891	0.001015376	0.012894998	0.003865188	0.006742686	0.006867772
FUNasv92	0.001777369	0.001305021	0.001449816	0.002067015	0.000188938	0	0	7.15E-05
FUNasv93	0.001917163	0.000878145	0.000911313	0.001293395	0	0	0	0
FUNasv94	0	0	0	0.000217581	0	0	0	0
FUNasv95	7.99E-05	7.32E-05	0	0	7.56E-05	0	0	0
FUNasv96	0.003355035	0.003073508	0.004211369	0.004823035	0.009191819	0.004669504	0.001917412	0.002277334
FUNasv97	0.000748892	0	0	0.000362634	0	0	0.000304754	2.38E-05
FUNasv98	0.002516276	0.002036809	0.00526076	0.003239532	0.00045345	0.000714948	0.001320601	0.00129963
FUNasv99	0.001457842	0.000853752	0.00414233	0.002671405	0.002323934	0.00094954	0.000774584	0.001776559
FUNasv100	0.000149778	7.32E-05	0	0.000120878	0	0	0	0
FUNasv101	0.002376483	0.000353697	0.000165693	0.000326371	8.50E-05	0.00010054	0.000152377	0.000166925
FUNasv102	0.004273675	0.001439182	0.001822625	0.00159559	0.000736857	0.00083783	0.000571414	0.001025396
FUNasv103	0.000299557	0.00020734	0.000138078	0.000314283	0.001369798	0.000971882	0.001079338	0.000596161
FUNasv104	0.000609099	0.00037809	0.000648965	0.000374722	0.00057626	0	7.62E-05	0.000798855
FUNasv105	0.000728921	0.000365894	0.000414233	0.000531863	0.0003023	0.000279277	0.00053332	0
FUNasv106	0.000299557	0.000317108	0.000704196	0.001329659	0	0	0	0
FUNasv107	0.000998522	0.000317108	0.000897505	0.000616478	0	0	0	0
FUNasv108	0.000219675	0	0	0	0	0	0	0
FUNasv109	0.000828773	0.000390287	0.000289963	0.00038681	0.000680176	0.000938369	0.001079338	0.000131155
FUNasv110	0.000758877	0.000219536	0	0	0	0	0	0
FUNasv111	0.00045932	0.00020734	0	0	0	0	0	0
FUNasv112	0.001427887	0.000512251	0.001201276	0.001438449	0.000311747	0	0	0
FUNasv113	0.000249631	0.000134161	0	0	0	0	0	0
FUNasv114	4.99E-05	0	0	0.00038681	0	0	0	0
FUNasv115	0.001517754	0.000353697	0	3.63E-05	0	0	0	0
FUNasv116	5.99E-05	0	0	0	0	0	3.81E-05	0
FUNasv117	0.001777369	0.003305241	0.003935214	0.004339522	0	0	0	0
FUNasv118	0.000449335	0.000304912	6.90E-05	6.04E-05	0	0	0	0
FUNasv119	0.000659025	0.000219536	0.001242699	0.000725268	0.000604601	0	0	0.000405389
FUNasv120	0.00045932	0.00017075	0.000635157	0.001075815	0	0	0	0
FUNasv121	0.000389424	0.000146358	0	0	0	0	0	0
FUNasv122	0.000768862	0.001988023	0.002568245	0.002828547	0	0	0	0.000166925
FUNasv123	0.000409394	0.000195143	0.000220924	0.000374722	0	0	0	0
FUNasv124	0.001038463	0.000500055	0.00012427	0.000193405	0	0	0	0
FUNasv125	0.000359468	0.000353697	0.000276155	0.000447249	0	0	0	0
FUNasv126	0.000299557	0.000146358	0.001007967	0.000471424	0.007510273	0.0004245	0.000342848	0.000643854
FUNasv127	0.001837281	0.000743984	0.000110462	0.000241756	0	0	0	0
FUNasv128	0.003744458	0.000634216	0.000207117	0.000157141	0	0	0	0
FUNasv129	0.000389424	0.000390287	6.90E-05	0.000193405	0	0	0	0
FUNasv130	0.000888685	0.000451269	0.000566118	0.00088241	0	0	0	0
FUNasv131	0.000479291	4.88E-05	0	0	0	0	0	0
FUNasv132	0.000169749	0.000536644	0.000207117	0.000447249	0.000547919	0.001038909	0.001155526	0.008131632
FUNasv133	0.001308064	0.001805076	0.000759427	0.000797795	0.000906901	0.000625579	0.001206319	0.001681173
FUNasv134	0.000339498	0	0	0	0	0	0	0
FUNasv135	0.000629069	0.00017075	0	7.25E-05	0.000132256	0.000290448	0.00026666	5.96E-05
FUNasv136	0.000928626	0.000146358	9.67E-05	0.000350546	0	0	0	0
FUNasv137	6.99E-05	8.54E-05	0	0	0	0	0	0
FUNasv138	0.001028478	0.002390506	0.00179501	0.003094478	0.003259175	0.000659093	0.000507924	0.000691546
FUNasv139	0.002396453	0.000268322	0.002140204	0.001752732	0.000991923	0.000223421	0.000253962	0.000977704
FUNasv140	0.000698966	0.00117086	0.000869889	0.000362634	0.000340088	0.002960332	0.002285656	0.001287707
FUNasv141	0.000419379	0.000548841	0.000331386	0.000447249	0	0	7.62E-05	0
FUNasv142	7.99E-05	7.32E-05	0	0	0	0	0	0
FUNasv143	0	0	0	0	0.014907184	0.00073729	0.00166345	0.000548468
FUNasv144	0.000549187	0.000487858	0.001242699	0.000483512	0.000510132	0.002792766	0.000838074	0.001693096
FUNasv145	0.001058434	0.000951324	0.003065325	0.001172517	0	0	0	0
FUNasv146	0.002566202	0.001841666	0.000414233	0.000253844	0.000377875	5.59E-05	0	0
FUNasv147	7.99E-05	0.000243929	0	0.000193405	0.000141703	0.000245763	0.000190471	0
FUNasv148	0.000289571	4.88E-05	0.000207117	8.46E-05	0	0	0	0.000166925
FUNasv149	0.002126852	0.000317108	0	0	0	0	0	0
FUNasv150	4.99E-05	0.000109768	0	0.00038681	0.000141703	0	0	0
FUNasv151	0.000858729	0.000804966	0.00092512	0.000568127	0	0	0	0
FUNasv152	0.000299557	0	0	0	2.83E-05	7.82E-05	5.08E-05	3.58E-05
FUNasv153	8.99E-05	0	0	0	0	0	0	0
FUNasv154	0.004233734	0.000121965	0.005592146	0.003372498	0	0	0	0
FUNasv155	0	0	0	0	0.000141703	0	0	0
FUNasv156	0.000649039	0.000268322	0.00024854	0.000640654	0.00102971	0.001698001	0.001257111	0.001323477
FUNasv157	0.000549187	0.000292715	0	0.000229668	0	0	0	0
FUNasv158	0	0.000341501	0	0	0.000330641	0.000659093	0.00059681	9.54E-05
FUNasv159	0.000289571	0.000134161	0	0	0	0	0	0
FUNasv160	0.00045932	0.000109768	0.000345194	0.000265932	0.000141703	0	0.000279358	0
FUNasv161	0	0	0	0	0	0	0	0
FUNasv162	0	0	0	0	0	0	0	0
FUNasv163	7.99E-05	0.000268322	0	0	0.002692362	0.000748461	0.000507924	0.001561941
FUNasv164	6.99E-05	0	0.000179501	8.46E-05	0.00057626	0.00116179	0	4.77E-05
FUNasv165	0.000758877	0.000219536	0.003106748	0.001680205	0.000396769	0.000390987	0.000977753	0.00196733
FUNasv166	0.000319527	0	0.00012427	0.000157141	0.001039157	0.000335132	0.000165075	0
FUNasv167	0.000109837	0.000146358	0.000289963	0.000229668	0	0	0	0
FUNasv168	0.000199704	0	0	0	0	0	0	0
FUNasv169	0.000249631	6.10E-05	6.90E-05	8.46E-05	3.78E-05	0	0	0
FUNasv170	0.00066901	0.000890342	0.000883697	0.001039551	0.000217278	0	0.000165075	0
FUNasv171	0.002017015	0.000256126	0.001228891	0.000193405	0.000519579	0.000703777	0.000584112	0
FUNasv172	0.000359468	9.76E-05	0	7.25E-05	4.72E-05	0.004859412	0.003428484	0.000345773
FUNasv173	0.000299557	0.000243929	0.000566118	0.000834059	0.000793538	0.000983053	0.000571414	0.001240014
FUNasv174	0.000149778	0	0	0	0	0.000122882	0	0
FUNasv175	0.000349483	0.000182947	0.000110462	7.25E-05	0	0	3.81E-05	0
FUNasv176	0.000179734	0.000146358	0.000138078	0.00010879	0	0.001463409	0.001536469	0.000488852
FUNasv177	0.000139793	8.54E-05	0	0	0	0	0	0
FUNasv178	0.000249631	0	0.00024854	0	0.000661282	0.000167566	0.001206319	0
FUNasv179	0.000469305	0.00017075	0	0	0	0	0	0
FUNasv180	0.000379438	0.000146358	0.000110462	9.67E-05	0	0	0	0
FUNasv181	0.000519232	6.10E-05	0.000165693	0.000157141	0.000982476	0	0.000482527	0.000166925
FUNasv182	8.99E-05	0	0.000179501	9.67E-05	0.004799018	0.00357474	0.001053941	0.001108859
FUNasv183	0	8.54E-05	0	7.25E-05	0	0	0	5.96E-05
FUNasv184	0.000659025	0.000609823	0.000400425	0.000664829	0	0	0	0
FUNasv185	0.000379438	0.000390287	0.000441849	0.000701093	0	0	0	0
FUNasv186	0.000139793	0	0	0	0.001766567	0.001508093	0.000888866	0.000166925
FUNasv187	0.000489276	0.000365894	0.00012427	0.000290107	0	0	0	0
FUNasv188	0.000609099	0.000695198	0.001159853	0.000628566	0.00042511	0.000245763	0	0.000107309
FUNasv189	5.99E-05	0	0	0	0	0	0.000114283	0
FUNasv190	0	0	0	0	0	0	0	0
FUNasv191	0.000399409	0.000158554	0	0	0	0	0	0
FUNasv192	0	0	0.000138078	6.04E-05	7.56E-05	0.002144844	0.002018996	0.000274234
FUNasv193	0.000728921	0.000304912	0	0	0	0	0	0
FUNasv194	0.000179734	0.00100011	0	7.25E-05	0	0	0	0
FUNasv195	0	0	0	0	0	0	0	0
FUNasv196	0	0.00017075	0.00062135	0.000253844	0.00102971	0.000167566	0.000711093	0.004614284
FUNasv197	0.001367975	0	0.000676581	0.00077362	0	0	0	0
FUNasv198	0.000129808	0	0	6.04E-05	0	0	0	0
FUNasv199	0	0	0	0	0	0	0	0
FUNasv200	0.001387946	0.000182947	0.000303771	0.00126922	0.000481791	8.94E-05	7.62E-05	0.000310004
FUNasv201	0.000469305	8.54E-05	0.000317579	0.000290107	0	0	0	0
FUNasv202	0	0	0	0	0	0	0	0
FUNasv203	0.000169749	8.54E-05	0	0	0.000585707	0.000357474	0.000342848	0.000155002
FUNasv204	0	0	0	0	7.56E-05	0	0	0.000226541
FUNasv205	0	0.000719591	0.00012427	9.67E-05	6.61E-05	0.00252466	0.000761885	5.96E-05
FUNasv206	0	0	0	0	0	2.23E-05	0	0
FUNasv207	0	6.10E-05	2.76E-05	0	0.000859667	0.000279277	0.002082487	0.000393466
FUNasv208	0.000239645	8.54E-05	0	0	0	0	0	0
FUNasv209	4.99E-05	0	0	0	0	8.94E-05	0	0
FUNasv210	0.000139793	0	0	0	0	4.47E-05	0	0
FUNasv211	0.000179734	7.32E-05	0	0	9.45E-05	5.59E-05	6.35E-05	0
FUNasv212	0.00043935	0.000524448	0.000345194	0.000543951	0	0	0	0
FUNasv213	9.99E-05	0	0	0	0	0	0	0
FUNasv214	5.99E-05	0	0	0	0.000170044	0.000301619	0.000215868	7.15E-05
FUNasv215	0	0.000487858	0.00024854	0.000338459	0	0	0	0
FUNasv216	0	0	0	0	0	0.000692606	0.000279358	0.000166925
FUNasv217	0.000159764	0	0	0	0	0	0	0
FUNasv218	0.000828773	0.000780573	0.000331386	0.00077362	0.000264513	0.000458014	0.000393641	0.000143079
FUNasv219	0.00066901	0.000463466	0.000593734	0.000120878	8.50E-05	8.94E-05	0.000571414	0.00033385
FUNasv220	0.000639054	0.000561037	0.000952736	0.001027463	0	0.000178737	0.000368245	0.000166925
FUNasv221	6.99E-05	0	9.67E-05	0	0	0	0	0
FUNasv222	0.000738906	0.000512251	0.00117366	0.000846146	0.001653205	0.000156395	0.001003149	0.000584238
FUNasv223	9.99E-05	7.32E-05	0	0	0	0.000681435	0	0
FUNasv224	3.00E-05	3.66E-05	6.90E-05	0.00010879	0.000944688	0.000681435	0.000444433	0.00063193
FUNasv225	0.000149778	0	0	0	0.000132256	0	0	0
FUNasv226	0.000309542	4.88E-05	0	0	0	0	0	0
FUNasv227	0.000149778	0.000219536	0.000262348	0.000507688	0	0	6.35E-05	0
FUNasv228	0	0	0	0	0	0	0	0
FUNasv229	0	6.10E-05	0	0	0.000632941	0.000167566	0.000126981	0.000143079
FUNasv230	0.001138315	0.001366004	0.000510887	0.001003288	0	0.000189908	0	0
FUNasv231	0.000259616	0	0	7.25E-05	0	0	0	0
FUNasv232	9.99E-05	6.10E-05	0	0	0	0	0	0
FUNasv233	8.99E-05	0	0	0.000471424	0.001908271	0	0.001650752	0.002420413
FUNasv234	0.000579143	0	0.000165693	0.000302195	8.50E-05	0.000323961	0.000507924	0.001979254
FUNasv235	7.99E-05	0.000500055	0.000510887	0.00060439	0	0	0	0
FUNasv236	0	6.10E-05	0	0	0	0	0	0
FUNasv237	8.99E-05	0	4.14E-05	0.000241756	0	0	0	0
FUNasv238	0.000199704	0	0.00012427	0	0	0	0	0
FUNasv239	0.000369453	0.000219536	0.000165693	0.000120878	0	0.000167566	0	0
FUNasv240	4.99E-05	0	0	0	0	0	0	0
FUNasv241	0.000239645	7.32E-05	6.90E-05	0	0	0	0	0
FUNasv242	0	0	0	0	0	0	0	0
FUNasv243	0.000559172	0.000219536	9.67E-05	0	0	0	0	0
FUNasv244	0.000399409	0.000256126	0.000718004	0.000918673	0.000349535	0.000357474	0	0.000977704
FUNasv245	0.000119823	6.10E-05	0	0	0	0	0	0
FUNasv246	0	0	0	0	0	3.35E-05	0	0
FUNasv247	0	0	0	0	0	0	0	0
FUNasv248	0.000129808	0	0	0	0	0	0	0
FUNasv249	0.000269601	0.000109768	0	8.46E-05	0.000614048	0	0	5.96E-05
FUNasv250	9.99E-05	0	5.52E-05	8.46E-05	0	0	0	0
FUNasv251	0.000589128	0.000134161	0.000165693	0.000265932	0	0.000245763	0.000101585	0.000107309
FUNasv252	0.000339498	0.000353697	0.000179501	0.000447249	0	0	0	0
FUNasv253	0.000119823	7.32E-05	0	0.000145054	0.000103916	0.000156395	0.000215868	0
FUNasv254	0.00089867	0.000390287	0.000952736	0.00027802	8.50E-05	5.59E-05	2.54E-05	8.35E-05
FUNasv255	0.000359468	0.000109768	0.000234732	0	0	0	5.08E-05	0
FUNasv256	0.000559172	0	0.00012427	0	0	0	0	0
FUNasv257	0	0.000146358	0.000414233	8.46E-05	0.000897454	0.000368645	0.000355547	0.00029808
FUNasv258	0	0.000402483	0	3.63E-05	0	0	0	0
FUNasv259	0.000189719	0.000573234	0.00037281	0.000314283	0	0	0	0
FUNasv260	0	0	0	6.04E-05	0	0	0	0
FUNasv261	0	0	0	0	0	0	0	0
FUNasv262	0	0	0	0	0	0	0	0
FUNasv263	0	0.000195143	0.000110462	0.000205493	0	0.000134053	0.000215868	0.001311554
FUNasv264	0	0	0	0	0	0	0	0
FUNasv265	5.99E-05	0	0	0	0	0	0	0
FUNasv266	0	0	0	0	0	0	0	0
FUNasv267	0	0.000256126	0	0	0.000349535	0.00031279	0	0
FUNasv268	0.000319527	0.000268322	0	0.000435161	0	0	0	0
FUNasv269	0.000269601	0.00041468	0.000193309	0.000193405	4.72E-05	0	0	0.000107309
FUNasv270	0.000389424	0.00020734	0.000303771	0.000362634	0	0	0	0
FUNasv271	0	8.54E-05	0	0	0	0	0	0
FUNasv272	0.000599113	0.001439182	0.000510887	0.000290107	0	0	0	0.000178848
FUNasv273	0	0	0	0	0	0	0	0
FUNasv274	0	0	0	0	0	0	0	0
FUNasv275	0	0	0	0	0	0	0	0
FUNasv276	0.000199704	0.000439073	0.000110462	0	0.000358982	0	0.000101585	0
FUNasv277	0.000139793	4.88E-05	0	0.00010879	0.000670729	0.001251159	0.000241264	0.000155002
FUNasv278	0.000109837	0	8.28E-05	0.000132966	0	7.82E-05	0	0
FUNasv279	0	0	0	0	0	0	0	0.000178848
FUNasv280	0	0	0	0	0	0	0	0
FUNasv281	3.99E-05	0	0	0	0	0	0	0
FUNasv282	0.000748892	9.76E-05	0.000317579	0.000193405	0	0	0.000368245	0.000107309
FUNasv283	5.99E-05	4.88E-05	0.000110462	0.000568127	0.000491238	0	7.62E-05	0.000274234
FUNasv284	0	0	0	0	0	0	0	0
FUNasv285	7.99E-05	0	0	0.000290107	0	0	0	0.000274234
FUNasv286	0	0	0	0	0.000198385	0.001351699	0.000177773	0.000214618
FUNasv287	0.000149778	8.54E-05	0	0	0	0	0	0
FUNasv288	0.000579143	0	0.000193309	0.000265932	0	0	2.54E-05	0
FUNasv289	0.000199704	7.32E-05	0.000179501	0.000302195	0	0	0	0
FUNasv290	0.000159764	0	0	0	0	0	0	0
FUNasv291	0	0	0	0	0.001228095	7.82E-05	5.08E-05	0
FUNasv292	0	0	0	0	0	0	0	0
FUNasv293	0	0	0	0	0	0	0	0
FUNasv294	0	0	0	0	0	0	0	0
FUNasv295	0.000309542	0.000109768	0.000276155	0.000290107	0	0	3.81E-05	0
FUNasv296	0	0	0	0	0.000141703	0.000145224	0.000126981	3.58E-05
FUNasv297	0	0	0	0	0	0	0	0
FUNasv298	0.000559172	0.000329304	0	0	0	0	0	0
FUNasv299	0	0	0	0	0	0	0	0.001490402
FUNasv300	5.99E-05	6.10E-05	6.90E-05	6.04E-05	0	0	0	2.38E-05
FUNasv301	0	0	0	0	0.000340088	0.000290448	0.000393641	0.001216168
FUNasv302	8.99E-05	0	8.28E-05	0	7.56E-05	0	0	3.58E-05
FUNasv303	0.00045932	0	0	0.000145054	4.72E-05	0	0	0
FUNasv304	0	0.000134161	0	0	0	0	0.000152377	0.000238464
FUNasv305	0	0	0	0	0	0	0	0
FUNasv306	0	0	0	0	0	0	0	0
FUNasv307	8.99E-05	0	0	0	0	0	0	0
FUNasv308	4.99E-05	0	0.000331386	0.000785707	0	0	0	0
FUNasv309	0	0	0	0	0.000954135	0	0	0.000107309
FUNasv310	0	0	0	0	0.000595154	0	6.35E-05	0
FUNasv311	6.99E-05	0	0	0	0	0.000335132	0.000546018	0
FUNasv312	4.99E-05	0	0	0	0	0	0	0
FUNasv313	0	0	0	0	0.000812432	0	0	0
FUNasv314	0	0	0	0	8.50E-05	0	0	0
FUNasv315	0	0	0	0	0	0	0	0
FUNasv316	0.000189719	0.000280519	0	7.25E-05	0	0	0	3.58E-05
FUNasv317	0	0	0	4.84E-05	7.56E-05	0.00010054	0.000584112	0
FUNasv318	0	0	0	0	0	0	0	0
FUNasv319	8.99E-05	9.76E-05	0.000207117	0.000145054	0	0	0	0
FUNasv320	0	0	0	0	0	0	0	0
FUNasv321	0.000329512	0	0	0	0	0	0	0
FUNasv322	0	0.000195143	0	0	0	0	0	0
FUNasv323	0	0	0	0	0	0	0	0
FUNasv324	0	0	0	0.000120878	4.72E-05	7.82E-05	0	4.77E-05
FUNasv325	0	0	0	0.00010879	0.000113363	0.000513869	0.000419037	0
FUNasv326	0	0	0	0	0	0	0	0
FUNasv327	6.99E-05	0	0.000414233	0	0.000396769	0	0.000152377	8.35E-05
FUNasv328	0.000139793	6.10E-05	0.000207117	4.84E-05	0	0	0	0
FUNasv329	0	0	0	0	0.000925795	0	0	0
FUNasv330	0.000289571	0.000597627	5.52E-05	4.84E-05	0.000538472	0.000145224	0	0
FUNasv331	0	0	0	0	0	0	0	0
FUNasv332	0	0	0.000110462	0	0	0	0	0
FUNasv333	0	0	0	0	0	0	0	0
FUNasv334	0.000389424	0	0.000538503	0.00038681	9.45E-05	0	5.08E-05	9.54E-05
FUNasv335	0	0	0	0.00010879	0	0	0	0
FUNasv336	0.000179734	0	0	0.000157141	0	0	0	0
FUNasv337	0	0	0	0	0	0	0	0
FUNasv338	0	0.00017075	0	0	0	0	0	0
FUNasv339	6.99E-05	0.000109768	0	8.46E-05	0	0	0	0
FUNasv340	0	0	0	6.04E-05	0.000529026	0.000111711	0	0.000321927
FUNasv341	0	0	0	0	0	0	0	0
FUNasv342	4.99E-05	0	8.28E-05	0	6.61E-05	0	6.35E-05	0.000166925
FUNasv343	0	0	0	0	0	0	0	0
FUNasv344	0	0	0	0	0	0	0	0
FUNasv345	6.99E-05	8.54E-05	0	0	0	0	0	0
FUNasv346	6.99E-05	0.000158554	0.000193309	0.000169229	0	0	0	0
FUNasv347	0	0	0.000220924	0.00038681	0	0.000111711	0.00033015	0
FUNasv348	4.99E-05	0	6.90E-05	0.000132966	0	0	6.35E-05	0
FUNasv349	0	0.000158554	0.000179501	0	0	0	0	0
FUNasv350	0	0	0	3.63E-05	0	0	0	0
FUNasv351	3.99E-05	0	2.76E-05	0	0.000245619	0	0	8.35E-05
FUNasv352	0	0	0	0	0	0	0	0
FUNasv353	0.000269601	2.44E-05	0.000386618	0	0	0	0	0
FUNasv354	9.99E-05	0	0	0	0	0	0	0
FUNasv355	3.99E-05	0.000329304	0.000345194	0.000350546	0	0	0	0
FUNasv356	0	0	0	0	0	0	0	0
FUNasv357	3.00E-05	4.88E-05	0	3.63E-05	0	0	0	0
FUNasv358	0	6.10E-05	4.14E-05	7.25E-05	0.000179491	5.59E-05	0	0
FUNasv359	0.00020969	0	0	0	0	0.000346303	0	0
FUNasv360	0	6.10E-05	0	0.000157141	0	0	0	0
FUNasv361	0	0	0	6.04E-05	0.000349535	0.000111711	0	0.000274234
FUNasv362	8.99E-05	0	0	6.04E-05	0.000179491	0	0.000215868	0
FUNasv363	0	0.000158554	0	0	0	0	0	0
FUNasv364	0	0	0	0	0.000217278	0.000189908	0.000139679	0
FUNasv365	0.000419379	6.10E-05	0.000289963	0	0	0	0	0
FUNasv366	0	0	0	0	0	0	0	0.000846548
FUNasv367	6.99E-05	0	0	0	0	0	0	0
FUNasv368	3.99E-05	0	5.52E-05	7.25E-05	0	8.94E-05	0	4.77E-05
FUNasv369	0	9.76E-05	0	0	0	0	0	0
FUNasv370	6.99E-05	0	0	6.04E-05	0.000132256	0.000167566	5.08E-05	0
FUNasv371	0	6.10E-05	0	0	0.000245619	0.000357474	7.62E-05	0
FUNasv372	0	0	0	0	4.72E-05	0	8.89E-05	2.38E-05
FUNasv373	0	0	0	0	0	0	0	0
FUNasv374	0	0	0	0	0	0	0	0
FUNasv375	0.000119823	0.000121965	0	0	0	0	0	0
FUNasv376	0	0	0	0	0	0	0	0
FUNasv377	0	0	0	0	0	0	0	0
FUNasv378	0.000129808	0	6.90E-05	0.000132966	0.000595154	0	0	0
FUNasv379	0	0	0	0	0.000103916	0	2.54E-05	0
FUNasv380	0	0	0	0	0	0	0	0
FUNasv381	0.000159764	0	0	9.67E-05	0	0	0	0
FUNasv382	6.99E-05	8.54E-05	0	0	0	0	0	0
FUNasv383	0	0	0	0	0	0	0	0
FUNasv384	0	0	0	0	0	0	0	0
FUNasv385	0	0	0	0	0	0	0	0
FUNasv386	0	0	0	0	0	0	0	0
FUNasv387	0	0	0	0	0	0	0	0
FUNasv388	0.000139793	0	0	0	0	0	0	0
FUNasv389	2.00E-05	0	0	0	0	0	0	0
FUNasv390	0	0	0	0	0	0	0	0
FUNasv391	0	0	0	0	0	0	0	0
FUNasv392	0.000109837	0	0	0	0	0	0	0
FUNasv393	5.99E-05	0	0	0	0	0	0	0
FUNasv394	0	0	0	0	0.000538472	0	0	0
FUNasv395	0	0	0	0	0	0	0	0
FUNasv396	0	7.32E-05	0	0	0	0	0	0
FUNasv397	0	0	0	0	0	0	0	0
FUNasv398	0	0	0	0	0	0	0	0
FUNasv399	4.99E-05	0	0	0	0	0	0	0
FUNasv400	0	0.000134161	0	0	0	0	0	0
FUNasv401	0	0	0	0	0	0	0	0
FUNasv402	0.000119823	4.88E-05	0	9.67E-05	0.000132256	0	0.000114283	4.77E-05
FUNasv403	0	0	0	0	0.000245619	0	0	0
FUNasv404	0	0	0	0	0	0	0	0
FUNasv405	0	0	0	0	0	0	0	0
FUNasv406	4.99E-05	0	5.52E-05	0	0.000188938	8.94E-05	0	0.000166925
FUNasv407	0	0	0	0	0	0	0	0
FUNasv408	0	0	0	0	0	0	0	0
FUNasv409	0	0	0	0	0	0	7.62E-05	0
FUNasv410	0	0	0	0	0	0	0	0
FUNasv411	0	0	0	0	0	0	0	0
FUNasv412	0	0	0	0	0	0	0	0
FUNasv413	0	0	0	0	0	0.000357474	0.000177773	0
FUNasv414	0	0	0	0	0	0	0	0
FUNasv415	0	0	0	0	0	0	0	0
FUNasv416	0	0	0	0	0	0	0	0
FUNasv417	6.99E-05	0	0	0	0	0	0	0
FUNasv418	0	0	0	0	0.00015115	0	0	0.00033385
FUNasv419	0	0	0	0	0.00012281	5.59E-05	0.000253962	0
FUNasv420	0	0	0	0	0	0	0	0
FUNasv421	8.99E-05	0	0	0.00027802	0	0	0	0
FUNasv422	4.99E-05	0	6.90E-05	0	0	0	0	0
FUNasv423	0	0	0	0	0	0	0	0
FUNasv424	7.99E-05	0	0	7.25E-05	0	0	0	0
FUNasv425	4.99E-05	0	0	0	0	0	0	0
FUNasv426	3.99E-05	0	0	4.84E-05	0	0	0	0
FUNasv427	3.99E-05	0	0.000138078	0	0.000160597	6.70E-05	0	0.000143079
FUNasv428	0	0	0	0	0	0	0	0
FUNasv429	0	0	0	0	0	0	0	0
FUNasv430	0	0	0	0	0	0	0	0
FUNasv431	0.000399409	0	0	0	0	0	0	0
FUNasv432	5.99E-05	0	0.000110462	0.000120878	0	0	0	0
FUNasv433	0	0	0	0	0	0	0	0
FUNasv434	9.99E-05	0	5.52E-05	0	0	0	0	0
FUNasv435	0	0.000365894	0	0	0.000141703	0	0	9.54E-05
FUNasv436	0	0.000182947	0	0	0	0	0	0
FUNasv437	0	0	0	0	0	0.00010054	0.000304754	0.000143079
FUNasv438	0	0	0	0	0	0	0	0.000453082
FUNasv439	0	0	0	0	0	0	0	0
FUNasv440	0	0	0	0	0	0	0	0
FUNasv441	0	0	0	0	0	0	0	0
FUNasv442	0	0	0	0	0	0	0	0
FUNasv443	0	0	0	0	0	7.82E-05	0	0
FUNasv444	0	0	0	0	0	0	0	0
FUNasv445	0	8.54E-05	0	0	0	0	0	0.00029808
FUNasv446	0	0	0	6.04E-05	0	0	0	0
FUNasv447	0	0	0	0	0	0	0	0
FUNasv448	0	0	0	0	0	0	0	0
FUNasv449	0	0	0	0	0	0	0	0
FUNasv450	0	0	0	0	0	0	0	0
FUNasv451	0.000139793	0	0	0	0	0	0	0
FUNasv452	5.99E-05	0	0	0	0	0	0	0
FUNasv453	4.99E-05	0	0	7.25E-05	7.56E-05	0	0	0.000131155
FUNasv454	0	8.54E-05	0.000110462	0.000157141	3.78E-05	0	2.54E-05	0
FUNasv455	0	0	0	0	0	0	0	0
FUNasv456	0	0	0	0	0	0	0	0
FUNasv457	0	0	0	0	0	0	0	0
FUNasv458	0	0	0	0	0	0	0	0
FUNasv459	0.000139793	2.44E-05	0	0	0	0	0	0
FUNasv460	3.99E-05	0	0	0	0	0	0	0
FUNasv461	0	0	0.000138078	8.46E-05	0	0	0	0
FUNasv462	0	0	0	0	0	0	0	0
FUNasv463	0	0	0.000220924	0.000169229	0	0	0	0
FUNasv464	0	0	0	0	0	0	0	0
FUNasv465	0	0	0	0	0	0	0	0
FUNasv466	0	0	0	0	0	0	0	0
FUNasv467	3.99E-05	0	0.000165693	8.46E-05	0	0	0	0
FUNasv468	0	7.32E-05	0	0.000145054	0	0	0	0
FUNasv469	0	0	0	0	0	0.000268105	0	5.96E-05
FUNasv470	2.00E-05	0	0	0	0	0	0	0
FUNasv471	0	0	0	0	0	0	0	0
FUNasv472	0	0	0	0	0	0	0	0
FUNasv473	0.000199704	0.000109768	0	0.000132966	0	0	0	0
FUNasv474	0	0	0	9.67E-05	0	0	0	0.000238464
FUNasv475	0	0	0	0	0	0	0	0
FUNasv476	0	4.88E-05	0	0	0	0	0	0
FUNasv477	0	0	0	0	0.000255066	0	0	0
FUNasv478	0	0.000109768	0	8.46E-05	0	0	0	0
FUNasv479	0	0	0	0	0	0	0	0
FUNasv480	0	0	0	0	0	0	0	0
FUNasv481	0	0	0	0	0	0	0	0
FUNasv482	0	0	0	0	0	0	0	0
FUNasv483	0.000109837	0	0	0	0	0	0	0
FUNasv484	0	6.10E-05	0	0	0	0	0	0
FUNasv485	0	0	0	0	0.000141703	0.000122882	0.000190471	0
FUNasv486	0	0	0	0	0	0	0	0
FUNasv487	0	0	0	0	0	0	0	0
FUNasv488	0	0	0	0	0	0	0	0
FUNasv489	0	0	0	0	0	0	0	0
FUNasv490	0	0	0	0	0	0	0	0
FUNasv491	5.99E-05	0	0	0	0	0	3.81E-05	9.54E-05
FUNasv492	0	0	0	0	0	0	0	0
FUNasv493	0	0	0	0	0	0	0	0
FUNasv494	0	0	0	8.46E-05	0	0	0	0
FUNasv495	0	0	0	0	0	0	0	0
FUNasv496	0.000109837	0	0	0	0	0	0	0
FUNasv497	0	0.000121965	0	2.42E-05	0	0	0	5.96E-05
FUNasv498	0	0	0	0	0	0	0	0
FUNasv499	0	0	0	0	0	0	0	0
FUNasv500	3.00E-05	0	0	0	0	0	0	0
FUNasv501	0	0	0	0	0.00012281	0	8.89E-05	0
FUNasv502	4.99E-05	7.32E-05	0	0	0	0	0	0
FUNasv503	0	0	0	0	0	0	0	0
FUNasv504	0	0	0	0	0	0	0	0
FUNasv505	0	0	0	0	0	0	0	0
FUNasv506	0	0	0	0	0	0	0	0
FUNasv507	0	0	2.76E-05	9.67E-05	0	0	0	0
FUNasv508	0	0	0	0	0	0	0.000279358	0
FUNasv509	0	0	0	0	0	0	0	0
FUNasv510	0	0	5.52E-05	0	0	0	0	0
FUNasv511	0	0	0	0	0	0	0	0
FUNasv512	6.99E-05	0	0	0	0	0	0	0
FUNasv513	3.99E-05	0	0	0	0	5.59E-05	0	0
FUNasv514	0	0	0	0	0.000103916	0	0	0.000119232
FUNasv515	0	0	0	0	9.45E-05	6.70E-05	0.000101585	0
FUNasv516	0	0	0	0	0	8.94E-05	0	0.000155002
FUNasv517	0	0	0	0	0	0	0	0
FUNasv518	2.00E-05	0	0	0	0	0	0	0
FUNasv519	0	7.32E-05	0	8.46E-05	0	0	0	0
FUNasv520	0	4.88E-05	0	3.63E-05	0	0	0	0
FUNasv521	0	2.44E-05	0	0	0	0	0	0
FUNasv522	0	0	0	0	0	0	0	0
FUNasv523	0	0	0	0	0	0	0	0
FUNasv524	0	0	0	0	0	0	0	0
FUNasv525	0	0	0	0	0	0	0	0
FUNasv526	0	0	0	0	0	0	0	0
FUNasv527	0	0	0	0	0	0	0	0
FUNasv528	4.99E-05	0	0	0	0	0	0	0
FUNasv529	0	0	0.000262348	0	0	0	0	0
FUNasv530	0	0	0	2.42E-05	0	0	0	0
FUNasv531	0	0	0	0	0	0	0	0
FUNasv532	0	0	0	0	0	0	0	0
FUNasv533	0	0	0	0	0	0	0	0
FUNasv534	0	0	0	0	0	0	0	0
FUNasv535	0	0	0	0	0	0	0	0
FUNasv536	0	0	0	0	0	0	0	0
FUNasv537	0	0	0	0	0	0	0	0
FUNasv538	6.99E-05	0	0	0	0	0	0	0
FUNasv539	2.00E-05	0	0	0	0	0	0	0
FUNasv540	0	0.000219536	0	0	0	0	0	0
FUNasv541	0	0	0.000138078	0	7.56E-05	0	0	0
FUNasv542	0	0	0	0	0	0	0	0
FUNasv543	0	4.88E-05	0	0	0	0	0	0
FUNasv544	0	0	0	0	5.67E-05	5.59E-05	3.81E-05	0
FUNasv545	0	0	0	0	0	0	0	0
FUNasv546	0	0	0	0	0	0	0	0
FUNasv547	0	0	0	0	0	0	0	0
FUNasv548	0	0	0	0	0	0	0	0
FUNasv549	0	0	0	0	0	0	0	0
FUNasv550	0	0	0	0	0	4.47E-05	0	0
FUNasv551	0	0	0	0	0	0	0	0
FUNasv552	0	0	0	0	0	0	0	0
FUNasv553	0	0	0	0	0	0	0	0
FUNasv554	0	0	0	0	0	0	0	0
FUNasv555	0	0	0	0	0	0	0	0
FUNasv556	4.99E-05	0.000121965	0	0	0	0	0	0
FUNasv557	2.00E-05	0	0	0	0	0	0	0
FUNasv558	0	6.10E-05	0	3.63E-05	0	0	0	0
FUNasv559	0	0	0	0	0	0	0	0
FUNasv560	0	0	0	0	0	0	0	0
FUNasv561	0	0	0	0	0	0	0	0
FUNasv562	0	0	6.90E-05	0	0	0	0	0
FUNasv563	0	0	0	0	0	0	0	0
FUNasv564	5.99E-05	0	0	0	0	0	0	0
FUNasv565	3.99E-05	0	0	7.25E-05	0	0	0	0
FUNasv566	3.99E-05	0	0	0	0	0	0	0
FUNasv567	0	0	0	7.25E-05	0	0	0	0
FUNasv568	0	0	0	0	0.000132256	0	0	0
FUNasv569	0	0	0	0	0	0.000156395	0	0
FUNasv570	2.00E-05	0	0	0	0	0	0	0
FUNasv571	0	0	0	0	0	0	0	0
FUNasv572	0	0	0	0	0	0	0	0
FUNasv573	2.00E-05	0	0	0	0	0	0	0
FUNasv574	0	0	0	0	0	0	0	0
FUNasv575	0	0	0	0	0	0	0	0
FUNasv576	0	0	0	0	0	0	0	0
FUNasv577	0	0	0	0	0	0	0	0
FUNasv578	0	0	0	0	0	0	0	0
FUNasv579	0.000129808	0	0	0	0	0	0	0
FUNasv580	7.99E-05	0	6.90E-05	0	0	0	0	0
FUNasv581	0	0	0	0	0	0	3.81E-05	0
FUNasv582	0	0	0	0	0	0	0	0.000155002
FUNasv583	0	0	0	0	0	0	0	0
FUNasv584	0.000119823	0	9.67E-05	0	0	0	0	0
FUNasv585	5.99E-05	0	0	0	0	0	0	0
FUNasv586	0	0	9.67E-05	0	0	0	0	0
FUNasv587	0	0	0	0.000145054	0	0	0	0
FUNasv588	0	0	0	0	0	8.94E-05	0	0
FUNasv589	0	0	0	0	0	0	0	0
FUNasv590	0	0	0	0	0	0	0	0
FUNasv591	0	0	0	0	0	0	0	0
FUNasv592	0	0	0	0	0	0	0	0
FUNasv593	0	0	0	0	0	0	0	0
FUNasv594	0	0	0	0	0	0	0	0
FUNasv595	0	0	0	4.84E-05	0	0	0	0
FUNasv596	0	0	0	0	0	0	0	0
FUNasv597	0	0	0	0	0	0	0	0
FUNasv598	0	0	0	0	0	0	0	0
FUNasv599	0	0	0	0	0	0	0	5.96E-05
FUNasv600	0	0	0	0	0	0	0	0
FUNasv601	6.99E-05	0	0	0	0	0	0	0
FUNasv602	0	4.88E-05	0	0	0	0	0	0
FUNasv603	0	0	0	6.04E-05	0	0	0	0
FUNasv604	0	0	0	4.84E-05	0	0	0	0
FUNasv605	0	0	0	0	0	0	0	4.77E-05
FUNasv606	0	0	0	0	0	0	0	0
FUNasv607	0	0	0	0	0	0	0	0
FUNasv608	0	0	0	0	0	0	0	0
FUNasv609	0	0	0	0	0	0	0	0
FUNasv610	0	0	0.00012427	0	0	0	0	0
FUNasv611	0	0	0	0	0	0	0	0
FUNasv612	0	0	0	0	0	0	0	0
FUNasv613	0	0	0	0	0	0	0	0
FUNasv614	0	0	0	0	0	0	0	0
FUNasv615	0	0	0	0	0	0	0	0
FUNasv616	0	0	5.52E-05	7.25E-05	0	0	0	0
FUNasv617	0	0	0	0	2.83E-05	0	0	0
FUNasv618	0	0	0	0	0	0	0	0
FUNasv619	0	0	0	0	0	0	0	0
FUNasv620	0	0	0	0	0	0	0	0
FUNasv621	0	0	0	0	0	0	0	0
FUNasv622	0	0	0	0	0	0	0	0
FUNasv623	0	0	0	0	0	0	0	0
FUNasv624	3.00E-05	0	0	0	0	0	0	0
FUNasv625	0	0	4.14E-05	0	0	0	0	0
FUNasv626	0	0	0	3.63E-05	0	0	0	0
FUNasv627	0	0	0	2.42E-05	0	0	0	2.38E-05
FUNasv628	0	0	0	0	8.50E-05	0	0	0
FUNasv629	0	0	0	0	8.50E-05	0	0	0
FUNasv630	0	0	0	0	1.89E-05	0	3.81E-05	0
FUNasv631	0	0	0	0	0	0	0	0
FUNasv632	0	0	0	0	0	0	0	0
FUNasv633	0	0	0	0	0	0	0	0
FUNasv634	0	0	4.14E-05	0	0	0	0	0
FUNasv635	0	0	0	0	0	0	0	0
FUNasv636	0	0	0	0	0	0	0	0
FUNasv637	0	0	0	0	0	0	0	0
FUNasv638	0	0	0	0	0	0	0	0
FUNasv639	0	0	0	0	0	0	0	0
FUNasv640	0	0	0	0	0	0	0	0
FUNasv641	0	0	0	0	0	0	0	0
FUNasv642	7.99E-05	0	0	0	0	0	0	0
FUNasv643	0	0	5.52E-05	4.84E-05	0	0	0	0
FUNasv644	0	0	0	0	7.56E-05	0	0	0
FUNasv645	0	0	0	0	7.56E-05	0	0	0
FUNasv646	0	0	0	0	0	8.94E-05	0	0
FUNasv647	0	0	0	0	0	8.94E-05	0	0
FUNasv648	0	0	0	0	0	0	0.000101585	0
FUNasv649	0	0	0	0	0	0	6.35E-05	0
FUNasv650	0	0	0	0	0	0	0	0
FUNasv651	0	0	0	0	0	0	0	0
FUNasv652	0	0	0	0	4.72E-05	0	0	0
FUNasv653	0	0	0	0	0	0	0	0
FUNasv654	0	0	0	0	0	0	0	0
FUNasv655	0	0	0	0	0	0	0	0
FUNasv656	0	0	0	0	0	0	0	0
FUNasv657	0	0	0	0	0	0	0	0
FUNasv658	0	0	0	0	0	0	0	0
FUNasv659	0	0	0	0	0	0	0	0
FUNasv660	0	0	0	0	0	0	0	0
FUNasv661	0	0	0	0	0	0	0	0
FUNasv662	0	0	0	0	0	0	0	0
FUNasv663	0	0	0	0	0	0	0	8.35E-05
FUNasv664	0	0	0	0	0	0	0	0
FUNasv665	0	0	0	0	0	0	0	0
FUNasv666	0	0	9.67E-05	0	0	0	0	0
FUNasv667	0	0	0	0	6.61E-05	0	0	0
FUNasv668	0	0	0	0	6.61E-05	0	0	0
FUNasv669	0	0	0	0	0	0	0	0
FUNasv670	0	0	0	0	0	0	0	0
FUNasv671	0	0	0	0	0	0	0	0
FUNasv672	0	0	0	0	3.78E-05	0	0	0
FUNasv673	0	0	0	0	0	0	0	0
FUNasv674	0	0	0	0	0	0	0	0
FUNasv675	0	0	0	0	0	0	0	0
FUNasv676	0	0	0	0	0	0	0	0
FUNasv677	0	0	0	0	0	0	0	0
FUNasv678	0	0	0	0	0	0	0	0
FUNasv679	0	0	0	0	0	0	0	0
FUNasv680	0	0	0	0	0	0	0	0
FUNasv681	0	0	0	0	0	0	0	0
FUNasv682	0	0	0	0	0	0	0	0
FUNasv683	0	0	0	0	0	0	0	0
FUNasv684	0	0	0	0	0	0	0	0
FUNasv685	0	0	0	7.25E-05	0	0	0	0
FUNasv686	0	0	0	2.42E-05	5.67E-05	0	0	0
FUNasv687	0	0	0	0	0	6.70E-05	0	0
FUNasv688	0	0	0	0	0	0	0	0
FUNasv689	0	0	0	0	0	0	0	0
FUNasv690	0	0	0	0	0	0	0	0
FUNasv691	0	0	0	0	0	0	0	0
FUNasv692	0	0	0	0	0	0	0	0
FUNasv693	0	0	0	0	0	0	0	0
FUNasv694	0	0	0	0	0	0	0	0
FUNasv695	0	0	0	0	0	0	0	0
FUNasv696	0	0	0	0	0	0	0	0
FUNasv697	0	0	0	0	0	0	0	0
FUNasv698	0	0	0	0	0	0	0	0
FUNasv699	0	0	0	0	0	0	0	0
FUNasv700	4.99E-05	0	0	0	0	0	0	0
FUNasv701	0	6.10E-05	0	0	0	0	0	0
FUNasv702	0	6.10E-05	0	0	0	0	0	0
FUNasv703	0	0	6.90E-05	0	0	0	0	0
FUNasv704	0	0	0	0	0	5.59E-05	0	0
FUNasv705	0	0	0	0	0	5.59E-05	0	0
FUNasv706	0	0	0	0	0	0	6.35E-05	0
FUNasv707	0	0	0	0	1.89E-05	0	0	5.96E-05
FUNasv708	0	0	0	0	0	0	0	0
FUNasv709	0	0	0	0	0	0	0	0
FUNasv710	0	0	0	0	0	0	0	0
FUNasv711	0	0	0	0	0	0	0	0
FUNasv712	0	0	0	0	0	0	0	0
FUNasv713	0	0	0	0	0	0	0	0
FUNasv714	0	0	0	0	0	0	0	0
FUNasv715	3.00E-05	0	0	0	0	0	0	0
FUNasv716	0	0	0	0	0	0	0	0
FUNasv717	0	0	0	0	0	0	0	0
FUNasv718	0	0	0	0	0	0	0	0
FUNasv719	0	0	0	0	0	0	0	0
FUNasv720	0	0	0	0	0	0	0	0
FUNasv721	0	0	0	0	0	0	0	0
FUNasv722	0	0	0	0	0	0	0	0
FUNasv723	0	0	0	0	0	0	0	0
FUNasv724	0	0	0	0	0	0	0	0
FUNasv725	3.99E-05	0	0	0	0	0	0	0
FUNasv726	0	0	0	0	3.78E-05	0	0	0
FUNasv727	0	0	0	0	0	4.47E-05	0	0
FUNasv728	0	0	0	0	0	4.47E-05	0	0
FUNasv729	0	0	0	0	0	0	5.08E-05	0
FUNasv730	0	0	0	0	0	0	5.08E-05	0
FUNasv731	0	0	0	0	0	0	5.08E-05	0
FUNasv732	0	0	0	0	0	0	0	4.77E-05
FUNasv733	0	0	0	0	0	0	0	0
FUNasv734	0	0	0	0	0	0	0	0
FUNasv735	0	0	0	0	0	0	0	0
FUNasv736	0	0	0	0	0	0	0	0
FUNasv737	0	0	0	0	0	0	0	0
FUNasv738	0	0	0	0	0	0	0	0
FUNasv739	0	0	0	0	0	0	0	0
FUNasv740	0	0	0	0	0	0	0	0
FUNasv741	0	0	0	0	0	0	0	0
FUNasv742	0	0	0	0	0	0	0	0
FUNasv743	0	0	0	0	0	0	0	0
FUNasv744	0	0	0	0	0	0	0	0
FUNasv745	0	0	0	0	0	0	0	0
FUNasv746	0	0	0	0	0	0	0	0
FUNasv747	0	0	0	0	0	0	0	0
FUNasv748	0	0	0	0	0	0	0	0
FUNasv749	0	0	0	0	0	0	0	0
FUNasv750	0	0	0	0	0	0	0	0
FUNasv751	0	0	0	0	0	0	0	0
FUNasv752	0	0	0	0	0	0	0	0
FUNasv753	0	0	0	0	0	0	0	0
FUNasv754	0	0	0	0	0	0	0	0
FUNasv755	0	0	0	0	0	0	0	0
FUNasv756	3.00E-05	0	0	0	0	0	0	0
FUNasv757	0	0	0	3.63E-05	0	0	0	0
FUNasv758	0	0	0	3.63E-05	0	0	0	0
FUNasv759	0	0	0	0	2.83E-05	0	0	0
FUNasv760	2.00E-05	0	0	0	0	3.35E-05	0	0
FUNasv761	0	0	0	0	0	3.35E-05	0	0
FUNasv762	0	0	0	0	0	3.35E-05	0	0
FUNasv763	0	0	0	0	0	0	3.81E-05	0
FUNasv764	0	0	0	0	0	0	0	3.58E-05
FUNasv765	0	0	0	0	0	0	0	0
FUNasv766	0	0	0	0	0	0	0	0
FUNasv767	0	0	0	0	0	0	0	0
FUNasv768	0	0	0	0	0	0	0	0
FUNasv769	0	0	0	0	0	0	0	0
FUNasv770	0	0	0	0	0	0	0	0
FUNasv771	0	0	0	0	0	0	0	0
FUNasv772	0	0	0	0	0	0	0	0
FUNasv773	0	0	0	0	0	0	0	0
FUNasv774	0	0	0	0	0	0	0	0
FUNasv775	0	0	0	0	0	0	0	0
FUNasv776	0	0	0	0	0	0	0	0
FUNasv777	0	2.44E-05	0	0	0	0	0	0
FUNasv778	0	2.44E-05	0	0	0	0	0	0
FUNasv779	0	2.44E-05	0	0	0	0	0	0
FUNasv780	0	0	0	0	0	0	0	2.38E-05
FUNasv781	0	0	0	0	0	0	0	2.38E-05
FUNasv782	0	0	0	0	0	0	0	0
FUNasv783	0	0	0	0	0	0	0	0
FUNasv784	0	0	0	0	0	0	0	0
FUNasv785	0	0	0	0	0	0	0	0
FUNasv786	0	0	0	0	0	0	0	0
FUNasv787	0	0	0	0	0	0	0	0
FUNasv788	0	0	0	0	0	0	0	0
FUNasv789	0	0	0	0	0	0	0	0
FUNasv790	0	0	0	0	0	0	0	0
FUNasv791	0	0	0	0	0	0	0	0
ProASV1	0	0	0	0	0	0	0.001176471	0
ProASV2	0.008235294	0	0	0	0	0	0.001176471	0.002352941
ProASV3	0	0	0	0	0	0.000588235	0	0
ProASV4	0	0	0	0	0	0	0	0.002352941
ProASV14	0	0	0	0	0	0	0.005882353	0
ProASV17	0	0	0.000588235	0	0	0	0	0
ProASV18	0	0.001764706	0	0	0	0	0	0.001764706
ProASV22	0.01	0	0.001764706	0	0	0.001176471	0.007058824	0.001176471
ProASV23	0	0.000588235	0	0	0	0	0	0
ProASV25	0	0	0	0	0	0	0.001176471	0
ProASV26	0.018235294	0.002941176	0.000588235	0.001764706	0	0.008823529	0.001764706	0.011764706
ProASV30	0	0.002352941	0	0	0	0	0	0
ProASV32	0	0	0.002941176	0	0	0	0.001764706	0
ProASV33	0	0	0	0	0	0.003529412	0	0
ProASV34	0	0	0	0	0	0.007647059	0	0.001764706
ProASV35	0.000588235	0	0	0	0	0.002352941	0	0.001764706
ProASV38	0	0	0	0	0	0	0.001176471	0.001764706
ProASV39	0.067058824	0.011176471	0.037647059	0.038823529	0	0	0.062941176	0.032352941
ProASV40	0	0.010588235	0	0	0	0	0.000588235	0.004705882
ProASV41	0.052941176	0.008823529	0.013529412	0.033529412	0	0.002941176	0.011764706	0.016470588
ProASV43	0	0	0	0	0	0	0	0.01
ProASV45	0	0.02	0	0.008823529	0	0.001176471	0.003529412	0.021764706
ProASV46	0	0.006470588	0	0	0	0	0	0
ProASV47	0	0	0	0.017647059	0	0.002941176	0	0.010588235
ProASV48	0	0.035882353	0	0.002352941	0	0	0.002352941	0.005294118
ProASV50	0	0	0	0.001176471	0	0.002352941	0	0.001176471
ProASV56	0	0	0	0	0	0	0.000588235	0
ProASV60	0	0.001764706	0	0.001176471	0	0	0	0
ProASV61	0	0	0	0	0	0.001176471	0	0
ProASV62	0.002352941	0	0	0.001764706	0	0	0	0
ProASV63	0	0.010588235	0.000588235	0	0	0	0.003529412	0.011176471
ProASV65	0	0	0.001176471	0	0	0	0	0
ProASV67	0	0	0.002941176	0	0	0	0	0.004117647
ProASV72	0	0	0	0	0	0.002352941	0	0.003529412
ProASV77	0	0	0	0	0	0.001764706	0	0
ProASV79	0	0	0	0.001764706	0	0	0	0.001176471
ProASV85	0	0	0.000588235	0	0	0	0	0
ProASV87	0	0	0.000588235	0.005294118	0	0	0	0
ProASV89	0	0	0	0.007647059	0	0	0	0
ProASV90	0.000588235	0.001764706	0.002941176	0.012352941	0	0.005294118	0.006470588	0.010588235
ProASV91	0.042941176	0.050588235	0.017058824	0.011176471	0	0.038823529	0.097058824	0.114117647
ProASV92	0	0	0	0.004117647	0	0.002941176	0	0
ProASV93	0.003529412	0	0.000588235	0	0	0	0.001764706	0.000588235
ProASV94	0	0	0	0	0	0	0	0.000588235
ProASV95	0	0.009411765	0.002941176	0.000588235	0	0.001176471	0.003529412	0.002941176
ProASV97	0	0.041176471	0.020588235	0.000588235	0	0.002352941	0.034117647	0.025882353
ProASV101	0	0	0.011764706	0.011176471	0	0.013529412	0.002941176	0.005882353
ProASV104	0	0	0.001764706	0	0	0.002352941	0	0.001176471
ProASV105	0	0	0	0	0	0	0.001176471	0
ProASV107	0.001764706	0.001176471	0.017647059	0.012941176	0	0.047647059	0.016470588	0.051764706
ProASV108	0	0	0	0.003529412	0	0	0	0.001176471
ProASV109	0	0	0.01	0	0	0.001764706	0.001176471	0.002941176
ProASV110	0.006470588	0	0.002941176	0.002941176	0	0.011764706	0	0.002941176
ProASV111	0.012941176	0.008823529	0.041764706	0.007647059	0	0.028235294	0.062352941	0.007058824
ProASV112	0	0.001176471	0	0	0	0.000588235	0	0.004705882
ProASV115	0.140588235	0.128823529	0.509411765	0.189411765	0	0.325294118	0.097058824	0.100588235
ProASV118	0.005294118	0.001176471	0.001176471	0	0	0	0	0.000588235
ProASV119	0	0	0	0	0	0	0	0.001764706
ProASV121	0	0	0	0.000588235	0	0	0	0.000588235
ProASV130	0.000588235	0	0.001176471	0.004117647	0	0	0.000588235	0.001176471
ProASV132	0	0	0	0.001176471	0	0	0	0
ProASV133	0	0	0	0.000588235	0	0	0	0
ProASV136	0.015882353	0.002941176	0	0.002352941	0	0	0	0
ProASV137	0.009411765	0.005882353	0.054117647	0.000588235	0	0.007647059	0	0.001176471
ProASV139	0	0	0	0	0	0	0.001176471	0
ProASV143	0.004117647	0	0	0	0	0	0.000588235	0.000588235
ProASV144	0.000588235	0.019411765	0.001176471	0.014705882	0	0.001176471	0	0.003529412
ProASV147	0	0	0	0	0	0	0	0.000588235
ProASV149	0	0	0	0	0	0	0.000588235	0
ProASV155	0	0	0.000588235	0	0	0	0	0.001764706
ProASV156	0	0	0	0	0	0	0.000588235	0
ProASV159	0	0	0.000588235	0	0	0	0	0
ProASV162	0	0	0	0.000588235	0	0	0.001764706	0
ProASV164	0.033529412	0.005294118	0.036470588	0.065294118	0	0.058823529	0.107058824	0.096470588
ProASV165	0.071764706	0.204117647	0.04	0.056470588	0	0.044117647	0.075882353	0.100588235
ProASV168	0	0	0.005294118	0.002352941	0	0.020588235	0.001764706	0.010588235
ProASV169	0	0	0.000588235	0.003529412	0	0.094117647	0	0
ProASV182	0	0.007058824	0.001176471	0	0	0.008235294	0.002941176	0.007647059
ProASV187	0	0	0	0	0	0.007058824	0	0.000588235
ProASV188	0	0	0	0	0	0.001764706	0	0
ProASV190	0	0	0	0	0	0.000588235	0	0.001764706
ProASV191	0	0	0.000588235	0.000588235	0	0	0	0
ProASV192	0.102941176	0.008823529	0.02	0.019411765	0	0.009411765	0.013529412	0.005294118
ProASV193	0	0	0	0	0	0.001176471	0	0
ProASV194	0	0	0.000588235	0	0	0	0.006470588	0.005882353
ProASV195	0	0	0	0	0	0	0	0.001176471
ProASV199	0	0	0	0.004705882	0	0.007647059	0.004705882	0.005294118
ProASV206	0.000588235	0	0	0.002941176	0	0.004705882	0	0.005294118
ProASV209	0.002352941	0	0	0	0	0	0	0.001176471
ProASV210	0.007058824	0.005882353	0.004705882	0.004117647	0	0.007647059	0	0.003529412
ProASV213	0	0.010588235	0.001764706	0.008823529	0	0.000588235	0.000588235	0
ProASV215	0.003529412	0.002352941	0.002941176	0.003529412	0	0.004117647	0.002941176	0
ProASV216	0.007058824	0.016470588	0.007647059	0.02	0	0.026470588	0.006470588	0.002352941
ProASV219	0	0	0	0	0	0	0	0.000588235
ProASV221	0.01	0	0	0.008235294	0	0.002941176	0.003529412	0.002941176
ProASV223	0.006470588	0	0	0.002941176	0	0.005294118	0	0
ProASV225	0	0	0	0	0	0	0.000588235	0
ProASV226	0	0	0	0.000588235	0	0.000588235	0	0
ProASV227	0	0	0	0.004117647	0	0.002941176	0.001764706	0.002941176
ProASV228	0.012941176	0.041764706	0.013529412	0.035294118	0	0.01	0.027058824	0.014117647
ProASV232	0	0	0	0.001176471	0	0	0	0.004705882
ProASV233	0.015294118	0.078823529	0.011764706	0.034705882	0	0.017647059	0.031176471	0.017647059
ProASV234	0	0	0	0	0	0.000588235	0	0
ProASV235	0.006470588	0.001764706	0.002941176	0.011176471	0	0.008235294	0.000588235	0.002941176
ProASV237	0	0.001764706	0	0	0	0	0	0
ProASV238	0	0.015882353	0.001764706	0.001176471	0	0	0.002352941	0
ProASV239	0.002941176	0.004705882	0.000588235	0.002941176	0	0.002941176	0.029411765	0.008235294
ProASV242	0.077647059	0.062941176	0.017647059	0.070588235	0	0.030588235	0.045882353	0.052941176
ProASV243	0.053529412	0.022352941	0.030588235	0.071176471	0	0.028235294	0.132352941	0.079411765
ProASV244	0	0	0.000588235	0.002352941	0	0.000588235	0.001176471	0
ProASV245	0	0.011176471	0	0	0	0	0	0
ProASV246	0.021176471	0.029411765	0.013529412	0.042941176	0	0.025882353	0.03	0.018823529
ProASV247	0.004705882	0.005294118	0.000588235	0.014117647	0	0.002941176	0	0.002352941
ProASV248	0.066470588	0.030588235	0.014705882	0.055882353	0	0.009411765	0.032352941	0.048235294
ProASV250	0.004117647	0	0	0	0	0	0.001176471	0
ProASV251	0	0	0	0	0	0	0	0.000588235
ProASV252	0.017647059	0	0	0	0	0	0.002352941	0
ProASV253	0.067647059	0.047647059	0.008235294	0.037647059	0	0.023529412	0	0.004117647
ProASV254	0	0	0.000588235	0.008235294	0	0	0	0
ProASV256	0	0	0	0	0	0.001176471	0	0
ProASV257	0	0	0	0	0.026470588	0	0	0
ProASV258	0	0	0	0	0.002352941	0	0	0
ProASV259	0	0	0	0	0.971176471	0	0	0
Rhabditis	0.024096386	0.11627907	0	0	0.04	0.083333333	0.020408163	0.040816327
Mesorhabditis	0.240963855	0.162790698	0.272727273	0.273809524	0.22	0.197916667	0.214285714	0.224489796
Cephalobus	0.024096386	0.023255814	0.022727273	0.047619048	0.03	0.052083333	0.071428571	0.081632653
Heterocephalobus	0.024096386	0.034883721	0.034090909	0	0.02	0.041666667	0.051020408	0
Acrobeloides	0.168674699	0.209302326	0.181818182	0.261904762	0.14	0.177083333	0.193877551	0.224489796
Acrolobus	0	0	0	0	0	0	0	0
Ceratoplectus	0.024096386	0.058139535	0.034090909	0.035714286	0.01	0.072916667	0.051020408	0.030612245
Prismatolaimus	0	0	0.045454545	0.023809524	0.01	0	0.051020408	0.081632653
Rhabdolaimus	0.048192771	0.011627907	0.011363636	0	0.11	0	0.010204082	0
Alaimus	0	0	0	0	0.01	0	0	0
Paramphidelus	0.024096386	0	0	0	0.05	0	0	0
Filenchus	0.024096386	0	0.022727273	0.023809524	0.04	0	0.030612245	0.040816327
Ditylenchus	0	0.023255814	0.022727273	0.035714286	0	0.020833333	0.030612245	0.040816327
Aphelenchus	0.156626506	0.162790698	0.147727273	0.130952381	0.15	0.135416667	0.112244898	0.102040816
Paraphelenchus	0	0.011627907	0	0.023809524	0	0.03125	0	0.010204082
Aphelenchoides	0	0	0.056818182	0	0.01	0	0.020408163	0
Tylencholaimus	0	0.034883721	0	0	0	0.03125	0	0
Tripyla	0	0	0	0	0	0	0	0
Klarkus	0.024096386	0	0.011363636	0.023809524	0.02	0	0.010204082	0.020408163
Prodorylaimus	0.13253012	0.023255814	0.022727273	0.023809524	0.04	0.020833333	0.040816327	0.020408163
Mesodorylaimus	0.024096386	0.011627907	0	0	0.05	0.010416667	0	0
Ecumenicus	0	0	0	0	0	0	0	0
Thonus	0	0.069767442	0.090909091	0.047619048	0	0.052083333	0.06122449	0
Eudorylaimus	0	0.011627907	0	0	0	0.020833333	0	0
Epidorylaimus	0	0	0	0	0	0.010416667	0	0.040816327
Microdorylaimus	0.036144578	0.011627907	0	0	0.03	0	0	0
Aporcelaimellus	0.024096386	0.023255814	0.022727273	0.047619048	0.02	0.041666667	0.030612245	0.040816327
