ID	Arable6_1	Arable6_2	Arable6_3	Arable6_4	Arable9_1	Arable9_2	Arable9_3	Arable9_4	Abundance	Kindom
BACasv1	0.099931147	0.118248321	0.142799228	0.103898933	0.074077306	0.071054926	0.070953215	0.073458783	9.430273238	Bac
BACasv2	0.009734324	0.008117046	0.008088803	0.00573586	0.048686851	0.044827085	0.05404053	0.07479726	3.175346988	Bac
BACasv3	0.040314347	0.030463974	0.045559846	0.045850577	0.012302591	0.009662889	0.010958219	0.013069837	2.6022785	Bac
BACasv4	0.037227854	0.033670708	0.029594595	0.0286793	0.090917023	0.072580645	0.045934451	0.046846705	4.818141013	Bac
BACasv5	0.013034497	0.001970805	0.009517375	0.015646555	0.020591571	0.029569892	0.018463848	0.021966774	1.634516463	Bac
BACasv6	0.003608823	0.013929251	0.002972973	0.003957017	0.023645406	0.023612322	0.024018014	0.015668058	1.3926483	Bac
BACasv7	0.023623543	0.016401109	0.040598456	0.033144558	0.040048861	0	0.062296723	0.020943233	2.963206038	Bac
BACasv8	0.063700468	0.056819321	0.105444015	0.088470195	0.009336009	0.015983726	0.015111334	0.023698921	4.732049863	Bac
BACasv9	0.027849664	0.024451348	0.032586873	0.031510927	0.005147893	0.010607382	0.00970728	0.006377451	1.852985225	Bac
BACasv10	0.013153209	0.015432408	0.00996139	0.015573949	0.018148504	0.017582098	0.017162872	0.025746004	1.659505425	Bac
BACasv11	0.019943493	0.016835354	0.014131274	0.024540768	0.045545764	0.071200232	0.062847135	0.064561846	3.995073325	Bac
BACasv12	0.004392317	0.003707786	0	0	0.013262368	0.016201686	0.020315236	0.01928982	0.964615163	Bac
BACasv13	0.002659132	0.003674383	0.003861004	0.003557685	0.015181921	0.016782912	0.012409307	0.021966774	1.001163975	Bac
BACasv14	0.049621311	0.04375856	0.063204633	0.05136862	0.057237588	0.067640221	0.075206405	0.048106448	5.701797325	Bac
BACasv15	0.001994349	0.002739085	0	0	0	0.013586167	0.009557168	0	0.348459613	Bac
BACasv16	0.004985873	0.004041821	0.002876448	0.006244101	0	0.001162453	0	0	0.2413837	Bac
BACasv17	0.027184881	0.020643351	0.028339768	0.026864155	0.013524125	0.013586167	0.012359269	0.010314148	1.9101983	Bac
BACasv18	0.010565303	0.008117046	0.014324324	0.010310027	0.013436873	0.003414705	0.005203903	0.005826313	0.889981175	Bac
BACasv19	0.003347658	0.002939506	0	0.004973499	0.017275979	0.015329846	0.01861396	0.023383986	1.073305425	Bac
BACasv20	0.012702106	0.009586799	0.015212355	0.00972918	0.031323619	0.011987794	0.018914186	0.014487048	1.549288588	Bac
BACasv21	0.010517819	0.013060761	0.00488417	0.00773252	0.01657796	0.018235978	0.020365274	0.032517125	1.548645088	Bac
BACasv22	0.002587906	0.001970805	0.001312741	0.001524722	0.008027223	0.013731473	0.01255942	0.011495158	0.6651181	Bac
BACasv23	0.01495762	0.01209206	0.006447876	0.005808466	0.018061251	0.010752688	0.013910433	0.008739469	1.134623288	Bac
BACasv24	0.005223296	0.001770384	0	0	0	0	0.000550413	0	0.094301163	Bac
BACasv25	0.00220803	0.003139927	0.002335907	0.005118711	0.023121892	0.015547806	0.021115837	0.022754114	1.1917778	Bac
BACasv26	0.007550037	0.007014731	0.008996139	0.010455239	0.00828898	0.036326649	0.010958219	0.009999213	1.244865088	Bac
BACasv27	0.011562478	0.015733039	0.007471042	0.013540986	0.019893552	0.039087475	0.028321241	0.038737107	2.1793365	Bac
BACasv28	0.010446592	0.008451081	0.008996139	0.010709359	0.001221534	0.002760825	0.001551163	0.002755689	0.586154775	Bac
BACasv29	0.001614473	0.003273541	0.001332046	0.001524722	0.006892941	0.009009009	0.009206905	0.006377451	0.4903886	Bac
BACasv30	0.001994349	0.001269332	0	0.000471938	0.006107669	0.007628596	0.010708031	0.002047083	0.377837475	Bac
BACasv31	0.003656307	0.004876908	0.006930502	0.00486459	0.012128087	0.017945365	0.014660996	0.019919691	1.062280575	Bac
BACasv32	0.020798215	0.016000267	0.009401544	0.013649895	0.002094058	0.001089799	0.001601201	0.001338477	0.8246682	Bac
BACasv33	0.021249317	0.019106791	0.029555985	0.021963261	0.006718436	0.005594304	0.003802852	0.009211873	1.465035238	Bac
BACasv35	0.012630879	0.00988743	0.007606178	0.017679518	0.012215339	0.011624528	0.008656492	0.014959452	1.1907477	Bac
BACasv36	0.000807237	0.001302736	0.000752896	0.000435635	0.010295786	0.005594304	0.005904428	0.005668845	0.384523338	Bac
BACasv37	0.00189938	0.002238033	0.000559846	0.000653452	0.006980194	0.001888986	0.002451839	0.001102275	0.222175063	Bac
BACasv38	0.002326741	0.001135718	0.006254826	0.008567487	0.00575866	0.002760825	0.003452589	0.00299189	0.4156092	Bac
BACasv39	0.019967236	0.016634933	0.030849421	0.03154723	0.004100864	0.004504505	0.002852139	0.007007322	1.468295625	Bac
BACasv40	0.005650656	0.006246451	0.003590734	0.006135192	0.008986999	0.001671026	0.005504128	0.004802771	0.532349463	Bac
BACasv41	0.000617299	0.000567859	0.000579151	0.000399332	0	0	0	0	0.027045513	Bac
BACasv42	0.001923123	0.001302736	0.000772201	0.000617149	0.005496903	0.009880849	0.013059795	0.006456185	0.493861763	Bac
BACasv43	0.001139628	0.001503157	0.006602317	0.004683076	0	0	0	0	0.174102225	Bac
BACasv44	0.006647831	0.002872699	0.002992278	0.004065926	0	0	0.001250938	0	0.2228709	Bac
BACasv45	0.00652912	0.005711995	0.004073359	0.004320046	0.006282174	0.008282476	0.004503378	0.005038973	0.559269013	Bac
BACasv46	0.014601486	0.013094164	0.021505792	0.019349452	0	0.004359198	0.003052289	0.002834422	0.984960038	Bac
BACasv47	0.012725848	0.012559709	0.010617761	0.019603572	0.010644795	0.009444929	0.009206905	0.009054405	1.17322405	Bac
BACasv48	0.012607137	0.012292481	0.005984556	0.009583969	0.013000611	0.006974717	0.006554916	0.009054405	0.9506599	Bac
BACasv49	0.008167335	0.009687009	0.002799228	0.005626951	0.006107669	0.002324906	0.003152364	0	0.473318275	Bac
BACasv50	0.013438116	0.012292481	0.006235521	0.008385973	0.006282174	0.009808195	0.00830623	0.004802771	0.869393263	Bac
BACasv53	0.002397968	0.003039717	0.001505792	0.001452116	0.001919553	0.001961639	0.001250938	0.003621762	0.214368563	Bac
BACasv54	0.006481635	0.008551291	0.006447876	0.01060045	0.010644795	0.015693112	0.010657993	0.013069837	1.026837363	Bac
BACasv55	0	0	0.004247104	0.00199666	0	0	0	0	0.07804705	Bac
BACasv56	0.004439802	0.003139927	0.001003861	0.00199666	0.003053835	0.003560012	0.002451839	0	0.2455742	Bac
BACasv58	0.008167335	0.005311153	0.008610039	0.006824947	0.00287933	0.00726533	0.003152364	0.006062515	0.603412663	Bac
BACasv59	0.004819678	0.00297291	0.006833977	0.006788644	0	0	0	0	0.267690113	Bac
BACasv60	0.005199554	0.005210943	0.004189189	0.00399332	0.004537126	0.005666957	0.006054541	0.005353909	0.502569238	Bac
BACasv61	0.008238562	0.009954237	0.006100386	0.004937196	0.004100864	0.007846556	0.002351764	0.009684277	0.665173025	Bac
BACasv65	0.001638216	0.001402946	0.001042471	0.001561025	0	0.002034292	0.002301726	0.001495945	0.143457763	Bac
BACasv66	0.004511028	0.004075225	0.006216216	0.003630291	0	0.001598373	0.001250938	0.001889615	0.289646075	Bac
BACasv67	0.003466369	0.003340348	0.001293436	0.002141872	0.004711631	0.003124092	0.005103828	0.004251634	0.342915125	Bac
BACasv68	0.001970607	0.003006313	0.000521236	0	0.000610767	0.001307759	0.000500375	0	0.098963213	Bac
BACasv69	0.007621264	0.008718308	0.003146718	0.002323386	0.002181311	0	0.007605704	0.00377923	0.442199013	Bac
BACasv70	0.000617299	0.001235929	0.001795367	0.00112539	0.00575866	0.001888986	0.001250938	0.002755689	0.205353225	Bac
BACasv71	0.004249863	0.004275646	0.00011583	0	0.001047029	0.000799186	0.000550413	0.000708606	0.146832163	Bac
BACasv72	0.006125502	0.007315362	0.001988417	0.001488419	0.006194922	0.002542865	0.002852139	0.001023541	0.369139588	Bac
BACasv73	0.001923123	0.00297291	0.000405405	0.000399332	0.004013611	0.001961639	0.004003002	0.004094166	0.24716485	Bac
BACasv75	0.004226121	0.003774593	0.002548263	0	0	0.001089799	0.001601201	0.001653413	0.186167375	Bac
BACasv76	0.00220803	0.004208839	0.001563707	0.000508241	0.007590961	0.004722464	0.003102327	0.004094166	0.349984188	Bac
BACasv77	0.004819678	0.005311153	0.000637066	0.003412474	0.004100864	0.003850625	0.002351764	0.005432643	0.373953338	Bac
BACasv78	0.005104585	0.006580486	0.001891892	0.002650113	0.003490097	0.003560012	0.002151614	0.003070624	0.356242788	Bac
BACasv80	0.003964956	0.004709891	0.001467181	0.002722718	0.002704825	0.005666957	0.001701276	0	0.28672255	Bac
BACasv82	0.00052233	0.000634666	0.002586873	0.003521382	0.002094058	0.001525719	0.002501876	0	0.1673363	Bac
BACasv84	0.000641041	0.001169122	0	0	0	0	0	0	0.022627038	Bac
BACasv86	0.001543247	0.002605471	0.001621622	0	0	0	0	0	0.07212925	Bac
BACasv87	0.001139628	0.001803788	0.003571429	0.002287083	0.002094058	0.001380413	0.001150863	0.001495945	0.186540088	Bac
BACasv88	0	0	0.003166023	0.003376171	0	0	0	0	0.081777425	Bac
BACasv89	0.001210855	0.001703578	0.000772201	0.00112539	0.004711631	0.001961639	0.001250938	0.002519487	0.190696488	Bac
BACasv90	0.000237423	0.000534456	0.00019305	0	0.001134281	0.00087184	0.00425319	0.002755689	0.124749113	Bac
BACasv91	0.002991524	0.007348766	0.001119691	0.001815146	0.007503708	0.004504505	0.004503378	0.007322258	0.4638622	Bac
BACasv92	0.000664783	0.000634666	0	0.000508241	0.002704825	0.002034292	0.002802102	0.002047083	0.1424499	Bac
BACasv93	0.001519504	0.002538665	0.002084942	0.00112539	0.005235145	0.004577158	0.002752064	0	0.24791085	Bac
BACasv94	0.002469194	0.00220463	0.002123552	0.002432295	0.003577349	0.002397559	0.001901426	0.002913156	0.250239513	Bac
BACasv95	0.002231772	0.003106524	0.001756757	0.002468598	0.003315592	0.002833479	0.001951464	0.004330368	0.274931925	Bac
BACasv96	0.001923123	0.001603367	0.002992278	0.000798664	0.01404764	0.009009009	0.007355517	0.004330368	0.525749575	Bac
BACasv97	0.000854721	0.001202525	0.000579151	0.000980179	0.001134281	0.007120023	0.0008006	0	0.1583935	Bac
BACasv99	0.005603172	0.004810101	0	0	0.004711631	0.001453066	0.001851389	0	0.230366988	Bac
BACasv100	0	0.000367438	0	0	0	0.001743679	0.001551163	0.00338556	0.088098	Bac
BACasv101	0.000593556	0.000901894	0.000289575	0	0.001657796	0.001089799	0.001901426	0.001574679	0.100109063	Bac
BACasv102	0.001875638	0.001369543	0.007528958	0.00174254	0	0	0.000900676	0	0.167716938	Bac
BACasv103	0.003181462	0.003106524	0.001332046	0.00348508	0	0.000508573	0.000650488	0.000314936	0.157238863	Bac
BACasv105	0.00147202	0.00220463	0.002760618	0.003775503	0.00322834	0.003051439	0.001901426	0.002362019	0.259449938	Bac
BACasv106	0.001377051	0.000233824	0.000405405	0.00025412	0.000872524	0.00043592	0.001050788	0.001810881	0.080506413	Bac
BACasv110	0.000118711	0	0.00011583	0.00025412	0.006194922	0.004068585	0.001150863	0.002598221	0.18126565	Bac
BACasv112	0	0	0	0	0	0	0.003002252	0	0.03752815	Bac
BACasv113	0.003561338	0.002471858	0	0	0	0	0	0	0.07541495	Bac
BACasv114	0.002041834	0.002605471	0.00023166	0.000363029	0.00540965	0.001380413	0.001250938	0.002598221	0.1985152	Bac
BACasv115	0.001519504	0.002037612	0.001911197	0.001306905	0.002617573	0.001598373	0.001451088	0.003149358	0.194895125	Bac
BACasv116	0.003133978	0.003774593	0.001949807	0.001343208	0.001570544	0	0.0004003	0.004409102	0.20726915	Bac
BACasv118	0.004368575	0.003507365	0.000965251	0.003158353	0.003315592	0.004068585	0.001751313	0.002834422	0.2996182	Bac
BACasv120	0.000498587	0	0.000888031	0.000943876	0	0	0.002702027	0	0.062906513	Bac
BACasv121	0.00189938	0.003640979	0.001138996	0.001343208	0	0	0.001851389	0.003857964	0.17164895	Bac
BACasv123	0.002754101	0.002538665	0.000714286	0.001669934	0.000959777	0.00595757	0.003102327	0.005668845	0.292068813	Bac
BACasv124	0.007098934	0.00594582	0.003301158	0.005082408	0.00253032	0	0	0	0.299483	Bac
BACasv125	0.001661958	0.00153656	0.002142857	0.002722718	0	0.00065388	0.000300225	0.001259743	0.128474263	Bac
BACasv126	0.001187113	0.001402946	0.000772201	0.000508241	0	0.002470212	0.002201651	0.001023541	0.119573813	Bac
BACasv128	0.000902206	0.002672278	0.000617761	0	0.003926359	0.006974717	0.003102327	0.004251634	0.280591025	Bac
BACasv129	0.00116337	0.001937402	0	0.000798664	0.003141087	0.001525719	0.002151614	0.001102275	0.147751638	Bac
BACasv131	0.001994349	0.001369543	0.006467181	0.002178175	0.000785272	0.001671026	0	0	0.180819325	Bac
BACasv132	0.001733185	0.000701473	0.003397683	0.00261381	0	0	0	0	0.105576888	Bac
BACasv134	0.000261165	0.001068911	0.000540541	0.000399332	0	0	0.003252439	0	0.06902985	Bac
BACasv137	0.00094969	0.001235929	0.001061776	0.001887751	0	0	0	0.001259743	0.079936113	Bac
BACasv139	0.00284907	0.002939506	0.001409266	0.001815146	0.001047029	0	0.000650488	0.001338477	0.150612275	Bac
BACasv140	0.001923123	0.004108628	0.001640927	0.004574167	0.001308786	0.001743679	0.001100826	0.00299189	0.242400325	Bac
BACasv141	0.005104585	0.003407155	0.00511583	0.007333188	0	0	0.002551914	0	0.2939084	Bac
BACasv142	0.002374225	0.001703578	0.001525097	0.002831627	0	0.000581226	0.000500375	0.00039367	0.123872475	Bac
BACasv143	0.00631544	0.007649397	0.002953668	0.005300225	0.006020417	0.003632665	0.001501126	0.004881505	0.478180538	Bac
BACasv145	0.001020917	0.002037612	0.003301158	0.002686415	0.000436262	0.000508573	0.000500375	0.000314936	0.1350781	Bac
BACasv146	0.002587906	0.004275646	0.001138996	0.002105569	0.000872524	0.001598373	0.001501126	0.002362019	0.205526988	Bac
BACasv148	0.002279256	0.002872699	0.00015444	0	0.003664602	0.004359198	0.005003753	0.004487836	0.2852723	Bac
BACasv152	0	0.001402946	0.001988417	0.007841429	0	0	0	0	0.1404099	Bac
BACasv153	0	0	0	0	0.001396039	0	0	0.001653413	0.03811815	Bac
BACasv154	0.001139628	0.002271437	0.001100386	0.001924054	0.001134281	0.002397559	0.001250938	0.002598221	0.1727063	Bac
BACasv156	0.00116337	0.001235929	0.001776062	0.00174254	0.001134281	0	0	0	0.088152275	Bac
BACasv157	0.00147202	0.001503157	0.001351351	0.001306905	0.000785272	0.001453066	0.001050788	0.000866074	0.122357913	Bac
BACasv160	0.002611648	0.003240138	0.001254826	0.001234299	0.001483291	0.000726533	0	0.001417211	0.149599325	Bac
BACasv161	0	0	0	0	0	0.002542865	0.000700525	0.002519487	0.072035963	Bac
BACasv164	0.001187113	0.001670174	0.000173745	0	0	0	0	0	0.0378879	Bac
BACasv167	0.0016857	0.00230484	0	0.000617149	0	0	0.001000751	0.000314936	0.0740422	Bac
BACasv169	0.000332392	0	0.000366795	0	0	0	0	0	0.008739838	Bac
BACasv173	0	0	0	0	0.001047029	0.000944493	0.000850638	0.000472404	0.04143205	Bac
BACasv174	0	0	0	0	0	0.001525719	0.001501126	0	0.037835563	Bac
BACasv176	0.000546072	0.001035508	0.00034749	0.000508241	0.001047029	0.001089799	0.001100826	0.001810881	0.093573075	Bac
BACasv177	0.000237423	0.000233824	0	0	0.000872524	0	0	0	0.016797138	Bac
BACasv178	0.000664783	0.001870595	0.001138996	0.000834967	0.001221534	0	0	0	0.071635938	Bac
BACasv181	0.000379876	0.000367438	0.001525097	0.00087127	0	0	0	0	0.039296013	Bac
BACasv182	0.000474845	0	0.000289575	0.000617149	0.002792077	0	0	0	0.052170575	Bac
BACasv183	0.001353308	0.001803788	0.00034749	0	0	0	0	0	0.043807325	Bac
BACasv186	0.001851896	0.002338244	0.001100386	0.001561025	0	0	0	0	0.085644388	Bac
BACasv187	0.003680049	0.006747503	0.009189189	0.00972918	0.002617573	0.001235106	0.002601951	0.000629872	0.455380288	Bac
BACasv188	0.001234597	0.002137823	0.00019305	0	0	0.000799186	0	0	0.0545582	Bac
BACasv192	0.001756927	0.002739085	0	0.000726058	0	0	0.002702027	0	0.099051213	Bac
BACasv193	0.001804411	0.001202525	0.000888031	0.000943876	0	0	0	0	0.060485538	Bac
BACasv194	0.000641041	0.001302736	0.000656371	0.000617149	0	0	0.001050788	0	0.053351063	Bac
BACasv195	0.000451103	0.000801684	0.000482625	0	0	0	0.002151614	0.001968349	0.073192188	Bac
BACasv199	0.002730359	0.002839296	0.001196911	0.002069266	0	0	0	0	0.1104479	Bac
BACasv200	0.001780669	0.00153656	0.000366795	0.000363029	0	0.000944493	0.000850638	0	0.0730273	Bac
BACasv201	0	0.002505261	0.000598456	0.000907573	0	0.001089799	0.001300976	0.001889615	0.103646	Bac
BACasv205	0.001733185	0.001903998	0	0	0	0	0	0	0.045464788	Bac
BACasv206	0.00021368	0.000434245	0.001409266	0.000943876	0	0	0	0	0.037513338	Bac
BACasv207	0	0	0	0	0.001483291	0.001307759	0.000650488	0.000944807	0.054829313	Bac
BACasv208	0	0	0	0	0	0	0	0.002362019	0.029525238	Bac
BACasv209	0.000973432	0.000801684	0.000289575	0.000617149	0	0	0	0	0.033523	Bac
BACasv211	0.000403618	0.000835087	0.00034749	0.000689755	0	0.001307759	0.001551163	0.000708606	0.073043475	Bac
BACasv212	0.000308649	0.000534456	9.65E-05	0.000326726	0.001745048	0.000581226	0.0004003	0	0.049911313	Bac
BACasv213	0	0.000434245	0	0	0	0.001307759	0.001250938	0.002519487	0.068905363	Bac
BACasv215	0.000688525	0.001302736	0.002220077	0.001669934	0.000436262	0	0.000650488	0.000708606	0.09595785	Bac
BACasv219	0.001638216	0.002238033	0.00034749	0.000544544	0	0	0	0	0.059603538	Bac
BACasv221	0	0	0	0.000363029	0.001570544	0	0.000550413	0.000866074	0.04187575	Bac
BACasv222	0.000403618	0.000367438	0.000559846	0.000726058	0.001657796	0	0.000700525	0.001023541	0.067985275	Bac
BACasv223	0	0	0	0	0.001308786	0.001598373	0.000850638	0	0.046972463	Bac
BACasv230	0	0	0.00027027	0.000326726	0	0.001380413	0.001300976	0.001574679	0.0606633	Bac
BACasv231	0.000451103	0.000400842	0.001216216	0.000798664	0.000698019	0.001089799	0.000950713	0.001810881	0.092702963	Bac
BACasv233	0	0	0.00030888	0	0	0	0	0	0.003861	Bac
BACasv234	0	0	0.000405405	0.000762361	0	0	0	0	0.014597075	Bac
BACasv235	0.001210855	0.002104419	0.00015444	0.000363029	0	0	0.000500375	0	0.054163975	Bac
BACasv236	0.000451103	0	0.001679537	0.001234299	0	0	0	0	0.042061738	Bac
BACasv237	0.002587906	0.002505261	0.000888031	0.002287083	0	0	0	0	0.103353513	Bac
BACasv238	0	0	0	0	0	0.001307759	0.001150863	0	0.030732775	Bac
BACasv240	0.000688525	0.00066807	0.000328185	0	0	0	0	0	0.02105975	Bac
BACasv241	0	0	0	0.000363029	0	0	0	0	0.004537863	Bac
BACasv242	0.000118711	0.000367438	0.00034749	0.000326726	0.004886136	0	0.001551163	0.001732147	0.116622638	Bac
BACasv245	0.000498587	0.00076828	0	0	0	0	0	0	0.015835838	Bac
BACasv247	0.00021368	0.002906103	0.000926641	0	0	0	0	0	0.0505803	Bac
BACasv251	0	0	0.00019305	0	0	0.001380413	0.001000751	0	0.032177675	Bac
BACasv252	0.001400793	0.000534456	0	0	0	0	0	0	0.024190613	Bac
BACasv253	0.002492937	0.001336139	0.004401544	0.004646773	0	0	0	0	0.160967413	Bac
BACasv254	9.50E-05	0	0.000328185	0.000471938	0	0	0	0	0.011189038	Bac
BACasv260	0.000332392	0.00086849	0.000714286	0.000980179	0.001832301	0	0.001801351	0.001653413	0.10228015	Bac
BACasv261	0.000498587	0	0	0.000617149	0	0	0.001701276	0.001810881	0.057848663	Bac
BACasv265	0	0	0.001081081	0.000907573	0	0	0	0	0.024858175	Bac
BACasv267	0.000902206	0.00143635	0.000830116	0	0	0.001888986	0	0	0.063220725	Bac
BACasv268	0	0	0	0	0	0	0.001300976	0	0.0162622	Bac
BACasv270	0	0	0.00019305	0.000471938	0	0	0.001050788	0	0.0214472	Bac
BACasv271	0	0	0	0	0	0	0	0.004330368	0.0541296	Bac
BACasv283	0	0.000367438	0	0	0	0	0	0	0.004592975	Bac
BACasv284	0	0	0.000868726	0.001924054	0	0	0	0	0.03490975	Bac
BACasv285	0.000189938	0.000267228	0	0	0.001134281	0.000581226	0.001200901	0	0.042169675	Bac
BACasv287	0.000261165	0.000501052	0.000791506	0.000290423	0.001919553	0	0.001000751	0.002440753	0.090065038	Bac
BACasv288	0.002682875	0.004208839	0.003494208	0.002650113	0	0.001307759	0.001050788	0	0.192432275	Bac
BACasv290	0	0.000501052	0	0	0	0	0	0	0.00626315	Bac
BACasv293	0.001210855	0.001369543	0.000289575	0.000689755	0	0	0	0	0.0444966	Bac
BACasv294	0	0	0.000173745	0	0	0	0	0	0.002171813	Bac
BACasv296	0.000451103	0.001002104	0.000250965	0.001052784	0	0	0	0	0.03446195	Bac
BACasv299	0	0	0	0	0.00034901	0	0	0	0.004362625	Bac
BACasv300	0.00116337	0	0	0	0	0	0	0.000866074	0.02536805	Bac
BACasv301	7.12E-05	0.000233824	0.000945946	0.000617149	0	0	0	0	0.023351488	Bac
BACasv302	0.000379876	0	0	0	0	0	0	0.000629872	0.01262185	Bac
BACasv305	0	0	0	0	0	0	0.002952214	0	0.036902675	Bac
BACasv306	0	0	0	0	0	0	0	0.002913156	0.03641445	Bac
BACasv309	0.000403618	0	0	0	0	0.001888986	0	0	0.02865755	Bac
BACasv311	0.000569814	0.000601263	0.000830116	0.00174254	0	0	0	0	0.046796663	Bac
BACasv315	0.000403618	0.001035508	0.000579151	0.000834967	0	0	0	0	0.03566555	Bac
BACasv316	0	0	0	0.000399332	0.003141087	0.002542865	0	0	0.07604105	Bac
BACasv317	0.000261165	0	0	0	0	0	0	0	0.003264563	Bac
BACasv319	0.001115886	0.000835087	0	0	0	0	0	0	0.024387163	Bac
BACasv323	0.001092144	0.001169122	5.79E-05	0.000217817	0	0	0	0	0.031712288	Bac
BACasv324	0.000569814	0.000835087	0.002316602	0.002178175	0	0.000290613	0	0.000472404	0.083283688	Bac
BACasv325	0.00052233	0.00076828	0.000250965	0	0	0	0.0008006	0	0.029277188	Bac
BACasv330	0.000189938	0.001503157	0	0	0	0	0	0	0.021163688	Bac
BACasv331	0.00021368	0	0	0.000217817	0	0.000726533	0.000350263	0.000551138	0.025742888	Bac
BACasv333	0	0	3.86E-05	0	0	0	0	0	0.0004825	Bac
BACasv336	0.001044659	0.001235929	0	0	0	0	0	0	0.02850735	Bac
BACasv343	0.002113061	0.002338244	0.001563707	0.001960357	0	0	0	0	0.099692113	Bac
BACasv347	0	0	0	0	0.001483291	0	0.00060045	0	0.026046763	Bac
BACasv348	0.000688525	0.00143635	0.000694981	0.000508241	0	0	0	0	0.041601213	Bac
BACasv351	0.000997175	0.001068911	0.000733591	0.001052784	0	0	0	0	0.048155763	Bac
BACasv352	0.000474845	0.000567859	0	0.000217817	0	0	0.000350263	0	0.0201348	Bac
BACasv355	0	0	0	0.000726058	0	0	0	0	0.009075725	Bac
BACasv358	0.000878463	0.001369543	0	0	0	0	0	0	0.028100075	Bac
BACasv359	0	0	0	0.001488419	0	0	0	0	0.018605238	Bac
BACasv362	0.000451103	0	0	0	0	0	0	0	0.005638788	Bac
BACasv366	0.001115886	0.000701473	0.000598456	0.001415814	0	0	0	0	0.047895363	Bac
BACasv367	0	0	0	0	0	0.001017146	0.000850638	0.001968349	0.047951663	Bac
BACasv374	0	0.000300631	0	0	0	0	0.000700525	0.001102275	0.026292888	Bac
BACasv385	0.000379876	0	0	0	0	0	0.000450338	0	0.010377675	Bac
BACasv387	0.000379876	0.00153656	0.00027027	0.00087127	0	0	0	0	0.0382247	Bac
BACasv388	0.000284907	0.000400842	0.000714286	0.000363029	0	0.000290613	0.000150113	0.000236202	0.0304999	Bac
BACasv389	0	0	0	0	0	0	0	0.005117707	0.063971338	Bac
BACasv391	0.000237423	0	0	0	0	0	0	0	0.002967788	Bac
BACasv393	0.001044659	0.00086849	0.00019305	0.000762361	0	0	0	0	0.035857	Bac
BACasv397	0.000854721	0.000734877	0.00019305	0.00025412	0	0	0	0	0.0254596	Bac
BACasv398	0.000854721	0	0	0	0	0	0	0	0.010684013	Bac
BACasv399	0	0	0.000694981	0.00112539	0	0	0	0	0.022754638	Bac
BACasv403	0	0.000300631	9.65E-05	0	0	0	0	0	0.004964138	Bac
BACasv404	0.000546072	0.000367438	0.000212355	0	0	0.00043592	0	0	0.019522313	Bac
BACasv408	0.000284907	0	0.00027027	0.000471938	0	0	0	0	0.012838938	Bac
BACasv409	0	0.001169122	0	0	0	0	0	0	0.014614025	Bac
BACasv410	0.000166196	0.001135718	0.001138996	0.000580847	0.000610767	0	0	0	0.04540655	Bac
BACasv411	0.000759752	0.000501052	0.000675676	0.000471938	0	0	0	0	0.030105225	Bac
BACasv412	0.000546072	0.00066807	0.000501931	0.000326726	0.002094058	0	0.0004003	0.001338477	0.073445425	Bac
BACasv413	0	0	0	0	0	0	0.000300225	0.000866074	0.014578738	Bac
BACasv417	0.000356134	0.000935297	0.0003861	0.000544544	0	0	0	0	0.027775938	Bac
BACasv419	0.000641041	0.001002104	0.000444015	0	0	0	0	0	0.0260895	Bac
BACasv422	0	0	0.000598456	0.000471938	0	0	0	0	0.013379925	Bac
BACasv425	0.000641041	0.001135718	0	0	0	0	0	0	0.022209488	Bac
BACasv426	0.000261165	0.000534456	0	0.001197996	0	0.000726533	0.000550413	0	0.040882038	Bac
BACasv428	0.000237423	0	0	0	0	0.001235106	0.000750563	0.000944807	0.039598738	Bac
BACasv429	0.000783494	0.000835087	0.00015444	0	0	0	0	0	0.022162763	Bac
BACasv430	0	0.000400842	0.000810811	0.000653452	0	0	0	0	0.023313813	Bac
BACasv431	0	0	0.00015444	0	0	0	0.001200901	0	0.016941763	Bac
BACasv438	0.000759752	0	0	0	0	0	0	0	0.0094969	Bac
BACasv439	0.000546072	0.001068911	0.00023166	0.000471938	0	0	0	0	0.028982263	Bac
BACasv440	0.000783494	0.001402946	0.000868726	0.001415814	0	0	0.000750563	0	0.065269288	Bac
BACasv441	0.000427361	0	0.000617761	0	0	0	0	0	0.013064025	Bac
BACasv442	0	0.000167017	0.000444015	0.001161693	0	0	0	0	0.022159063	Bac
BACasv449	0.000712268	0.001035508	0.000173745	0.000181515	0	0	0	0	0.02628795	Bac
BACasv450	0.001828154	0.002037612	0.000945946	0.00199666	0	0	0	0	0.08510465	Bac
BACasv451	0.000237423	0.000267228	0.000289575	0.000326726	0	0.000363266	0.000650488	0	0.026683825	Bac
BACasv455	0.000498587	0	0.000135135	0	0	0	0	0	0.007921525	Bac
BACasv457	0	0	0.00011583	0	0	0	0	0	0.001447875	Bac
BACasv458	4.75E-05	0	0	0	0	0	0	0	0.00059375	Bac
BACasv459	0.00052233	0.001002104	0.00023166	0.000399332	0	0	0	0	0.026942825	Bac
BACasv460	0	0	0.000579151	0	0	0	0	0	0.007239388	Bac
BACasv461	0	0	0.000579151	0	0	0	0	0	0.007239388	Bac
BACasv462	0.00094969	0.000334035	0.000868726	0.000145212	0	0	0.000700525	0	0.03747735	Bac
BACasv466	0.000617299	0.000968701	0	0	0	0	0	0	0.019825	Bac
BACasv467	0.000261165	0.000467649	0.000559846	0.000943876	0	0	0	0	0.0279067	Bac
BACasv470	0.000664783	0	0	0	0	0	0	0	0.008309788	Bac
BACasv472	0.000356134	0.000701473	0.000135135	0	0	0.000944493	0.000450338	0	0.032344663	Bac
BACasv482	0.000641041	0.000701473	0.00027027	0	0	0	0	0	0.0201598	Bac
BACasv483	0.000569814	0.000901894	0	0	0	0	0	0	0.01839635	Bac
BACasv484	0.000498587	0.00066807	0.000694981	0.000435635	0	0	0	0	0.028715913	Bac
BACasv487	0	0	0.00015444	0	0	0	0	0	0.0019305	Bac
BACasv489	0	0	0	0	0	0	0	0.001653413	0.020667663	Bac
BACasv490	0	0	0.00019305	0.000290423	0	0.001671026	0.000550413	0	0.0338114	Bac
BACasv492	0.000617299	0.00076828	0	0	0	0	0	0	0.017319738	Bac
BACasv493	0.000617299	0.000601263	0.00030888	0.000435635	0	0.00065388	0	0	0.032711963	Bac
BACasv494	0.000427361	0.00086849	0.00034749	0	0	0	0.000150113	0	0.022418175	Bac
BACasv495	0.000593556	0.00066807	0.001409266	0.000943876	0	0	0	0	0.0451846	Bac
BACasv496	0	0	0	0	0.000785272	0	0.000650488	7.87E-05	0.01893075	Bac
BACasv497	9.50E-05	0	0	0	0	0	0	0	0.0011875	Bac
BACasv507	0.001234597	0.000233824	0.0003861	0.000435635	0.001221534	0.000726533	0.00060045	0	0.060483413	Bac
BACasv511	0.000641041	0.001068911	0.00046332	0.000689755	0	0	0.000950713	0	0.04767175	Bac
BACasv512	0	0	0	0	0	0	0.000150113	0	0.001876413	Bac
BACasv513	0	0.000601263	0	0.000326726	0	0	5.00E-05	0	0.012224863	Bac
BACasv514	0.000332392	0.000267228	0.00042471	0.000217817	0	0.000799186	0	0.001102275	0.0392951	Bac
BACasv517	0	0.000367438	0	0	0	0	0	0	0.004592975	Bac
BACasv521	0.000166196	0.000467649	0	0.000181515	0	0	0	0	0.010192	Bac
BACasv528	0.000142454	0.000701473	0.000559846	0.000834967	0.00034901	0	0	0	0.032346875	Bac
BACasv529	0.000546072	0.000701473	0.00034749	0.000544544	0	0	0	0	0.026744738	Bac
BACasv530	0.000332392	0.00076828	0.000328185	0.000617149	0	0	0	0	0.025575075	Bac
BACasv531	0.000189938	0.001035508	0.000173745	0.000798664	0	0.00021796	0.00020015	0	0.032699563	Bac
BACasv532	0	0.00076828	0	0	0	0	0	0	0.0096035	Bac
BACasv533	0.000641041	0	0.000328185	0.001379511	0.002617573	0	0.00020015	0	0.06458075	Bac
BACasv536	0	0	0.00023166	0.000326726	0	0	0	0	0.006979825	Bac
BACasv539	0.000261165	0.000300631	0.00023166	0	0	0	0	0	0.0099182	Bac
BACasv541	0	0	0	0	0.000872524	0	0	0	0.01090655	Bac
BACasv546	0.000498587	0.000734877	0	0	0	0	0	0	0.0154183	Bac
BACasv547	0.000261165	0	0.00042471	0.000363029	0	0	0	0	0.0131113	Bac
BACasv548	0.000284907	0.000367438	0.00042471	0.000399332	0	0	0	0	0.018454838	Bac
BACasv549	7.12E-05	0.000167017	0	0.000290423	0	0.000290613	0.000450338	0.000866074	0.026695813	Bac
BACasv556	0	0	0	0	0	0.000145307	0	0.001102275	0.015594775	Bac
BACasv560	0.000427361	0.000701473	0	0	0	0	0	0	0.014110425	Bac
BACasv561	0	0	0	0	0	0.001525719	0	0	0.019071488	Bac
BACasv562	0.000237423	0.000434245	0	0	0.000436262	0.00043592	0.000500375	0.001732147	0.04720465	Bac
BACasv569	0	0	0	0	0	0.000944493	0	0	0.011806163	Bac
BACasv572	7.12E-05	0	0	0	0	0	0	0	0.00089	Bac
BACasv575	0.000474845	0.000467649	0	0	0	0	0	0	0.011781175	Bac
BACasv576	0.000474845	0.000567859	0	0	0	0	0	0	0.0130338	Bac
BACasv577	0.000474845	0.000567859	0.000289575	0.000435635	0	0	0	0	0.022098925	Bac
BACasv578	0.000474845	0	0	0	0	0	0	0	0.005935563	Bac
BACasv579	0	0	0.0003861	0	0.000610767	0	0	0	0.012460838	Bac
BACasv580	0	0	0	0	0.000523515	0	0	0	0.006543938	Bac
BACasv581	0.000142454	0	0.00011583	0	0	0	0.000350263	0	0.007606838	Bac
BACasv587	0.000403618	0.000601263	0.00011583	0	0	0	0	0	0.014008888	Bac
BACasv596	0	0	0	0	0	0	0.000650488	0	0.0081311	Bac
BACasv597	0.000166196	0	0.000135135	0.000108909	0	0.00043592	0	0	0.010577	Bac
BACasv605	0	0.000567859	0	0	0	0	0	0	0.007098238	Bac
BACasv606	0.000451103	0	0	0	0	0	0	0	0.005638788	Bac
BACasv607	0.000451103	0	0	0	0	0	0	0	0.005638788	Bac
BACasv608	0.000451103	0.000534456	0	0.000181515	0	0	0	0	0.014588425	Bac
BACasv609	0	0.000634666	0	0	0	0	0	0	0.007933325	Bac
BACasv610	0	0.000634666	0	0	0	0.000799186	0	0	0.01792315	Bac
BACasv611	0	0.000634666	0	0	0	0	0	0	0.007933325	Bac
BACasv612	0	0	0.00027027	0.000689755	0	0	0	0	0.012000313	Bac
BACasv614	0.000403618	0	0	0	0	0	0	0	0.005045225	Bac
BACasv621	0	0	0.00011583	0.000181515	0	0	0	0	0.003716813	Bac
BACasv622	0.000308649	0	0	0	0	0	0	0	0.003858113	Bac
BACasv633	0.000427361	0.000434245	0	0	0	0	0	0	0.010770075	Bac
BACasv634	0.000427361	0	0	0	0	0	0	0	0.005342013	Bac
BACasv635	0	0.000601263	0	0	0	0	0	0	0.007515788	Bac
BACasv636	0	0	0.00034749	0.000580847	0	0	0	0	0.011604213	Bac
BACasv637	0	0.000334035	0	0	0	0.00065388	0.000300225	0.000708606	0.024959325	Bac
BACasv645	0.00021368	0.000467649	0	0	0	0	0	0	0.008516613	Bac
BACasv649	0.000403618	0.000367438	7.72E-05	0	0	0	0	0	0.0106032	Bac
BACasv650	0.000332392	0.000233824	0.000328185	0.000326726	0	0	0	0	0.015264088	Bac
BACasv661	0	0	3.86E-05	0	0	0	0	0	0.0004825	Bac
BACasv669	0.000379876	0.000300631	0.00015444	0	0	0	0.000450338	0	0.016066063	Bac
BACasv670	0	0	0.00030888	0	0	0	0	0	0.003861	Bac
BACasv671	0.00021368	0	0.00030888	0.000399332	0	0	0	0.000708606	0.020381225	Bac
BACasv672	0	0.000434245	0	0	0	0	0.0008006	0.000551138	0.022324788	Bac
BACasv673	0.000261165	0	0	0	0	0	0	0.00078734	0.013106313	Bac
BACasv682	0	0.000467649	0	0	0	0	0	0	0.005845613	Bac
BACasv686	0	0.000167017	0.000289575	0	0	0	0	0	0.0057074	Bac
BACasv687	0	0	0.000289575	0	0	0	0	0	0.003619688	Bac
BACasv688	0.000261165	0	0.000289575	0	0	0	0	0	0.00688425	Bac
BACasv689	0	0	0.000173745	0	0.001047029	0	0.000750563	0	0.024641713	Bac
BACasv690	0.000118711	0	0.00027027	0	0.000261757	0	0.000350263	0	0.012512513	Bac
BACasv712	0.000474845	0	0	0	0	0	0	0	0.005935563	Bac
BACasv720	4.75E-05	0	0	0	0	0	0	0	0.00059375	Bac
BACasv725	0.000308649	0	0	0	0	0	0	0	0.003858113	Bac
BACasv726	0	0	0.000366795	0.000834967	0	0	0.000450338	0	0.02065125	Bac
BACasv727	0	0	0.000250965	0.00025412	0	0	0	0	0.006313563	Bac
BACasv728	0	0	9.65E-05	0.000471938	0	0	0	0	0.007105475	Bac
BACasv729	0.000189938	0.000267228	0	0.000471938	0	0	0	0	0.0116138	Bac
BACasv736	0	0	0.000135135	0	0	0	0	0	0.001689188	Bac
BACasv748	0	0.000400842	0	0	0	0	0.00060045	0	0.01251615	Bac
BACasv749	0.000189938	0.000400842	0.00015444	0.000326726	0	0	0	0	0.013399325	Bac
BACasv750	0	0	0	0	0	0	0	0.000944807	0.011810088	Bac
BACasv770	0.000189938	0.000300631	0	0	0	0	0	0	0.006132113	Bac
BACasv773	0.000261165	0.000167017	0.000135135	0	0	0	0	0	0.007041463	Bac
BACasv774	0.000261165	0	0	0	0	0	0	0	0.003264563	Bac
BACasv775	0.000189938	0.000367438	0	0	0	0.000508573	0	0	0.013324363	Bac
BACasv776	0	0	0.000212355	0	0	0	0	0	0.002654438	Bac
BACasv792	0	0.00010021	0	0	0	0	0	0	0.001252625	Bac
BACasv793	0.000237423	0.000200421	0.00011583	0	0	0	0	0	0.006920925	Bac
BACasv794	0.000237423	0	0	0	0	0	0	0	0.002967788	Bac
BACasv795	0	0	0.00019305	0	0	0	0	0	0.002413125	Bac
BACasv796	0	0	0	0.000363029	0	0	0	0	0.004537863	Bac
BACasv797	0	0	0	0	0	0	0.000500375	0	0.006254688	Bac
BACasv800	0	0	0	0	0	0.000290613	0	0	0.003632663	Bac
BACasv823	0.000142454	0.000267228	0	0	0	0	0	0	0.005121025	Bac
BACasv824	0	0.000200421	0	0	0	0	0	0	0.002505263	Bac
BACasv830	0	0.000300631	0	0	0	0	0	0	0.003757888	Bac
BACasv831	0	0.000300631	0	0	0	0	0	0	0.003757888	Bac
BACasv832	0	0	0.000173745	0	0	0	0	0	0.002171813	Bac
BACasv833	0	0	0	0.000326726	0	0	0	0	0.004084075	Bac
BACasv834	0	0	0	0.000326726	0	0	0	0	0.004084075	Bac
BACasv835	0	0	0	0	0	0	0	0.000708606	0.008857575	Bac
BACasv865	0.000189938	0	0	0	0	0	0	0	0.002374225	Bac
BACasv866	0.000189938	0	0	0	0	0	0	0	0.002374225	Bac
BACasv867	0.000189938	0	0	0	0	0	0	0	0.002374225	Bac
BACasv868	0	0	0.00015444	0	0	0	0	0	0.0019305	Bac
BACasv869	0	0	0	0.000290423	0	0	0	0	0.003630288	Bac
BACasv870	0	0	0	0	0.000698019	0	0	0	0.008725238	Bac
BACasv871	0	0	0	0	0	0	0.0004003	0	0.00500375	Bac
BACasv872	0	0	0	0	0	0	0	0.000629872	0.0078734	Bac
BACasv890	0.000142454	0	0	0	0	0	0	0.000314936	0.005717375	Bac
BACasv897	0.000166196	0	0	0	0	0	0	0	0.00207745	Bac
BACasv898	0	0.000233824	0	0	0	0	0	0	0.0029228	Bac
BACasv899	0	0	0.000135135	0	0	0	0	0	0.001689188	Bac
BACasv900	0	0	0	0.00025412	0	0	0	0	0.0031765	Bac
BACasv901	0	0	0	0	0.000610767	0	0	0	0.007634588	Bac
BACasv902	0	0	0	0	0.000610767	0	0	0	0.007634588	Bac
BACasv903	0	0	0	0	0	0.000508573	0	0	0.006357163	Bac
BACasv925	0.000142454	0	0	0	0	0	0	0	0.001780675	Bac
BACasv926	0.000142454	0	0	0	0	0	0	0	0.001780675	Bac
BACasv927	0.000142454	0	0	0	0	0	0.000250188	0	0.004908025	Bac
BACasv928	0	0.000200421	0	0	0	0	0	0	0.002505263	Bac
BACasv929	0	0.000200421	0	0	0	0	0	0	0.002505263	Bac
BACasv930	9.50E-05	0.000200421	0	0	0.00034901	0	0.000150113	0	0.0099318	Bac
BACasv931	0	0.000200421	0	0	0	0	0	0	0.002505263	Bac
BACasv932	0	0	0.00011583	0	0	0	0	0	0.001447875	Bac
BACasv933	0	0	0.00011583	0.000145212	0	0	0	0	0.003263025	Bac
BACasv934	0	0	0.00011583	0	0	0	0	0	0.001447875	Bac
BACasv935	0	0	0.00011583	0	0	0	0	0	0.001447875	Bac
BACasv936	0	0	0	0	0	0	0.000300225	0	0.003752813	Bac
BACasv937	0	0	0	0	0	0	0.000300225	0	0.003752813	Bac
BACasv962	0.000118711	0	0	0	0	0.00021796	0	0	0.004208388	Bac
BACasv963	0.000118711	0	0	0	0	0	0	0	0.001483888	Bac
BACasv964	0.00021368	0	0	0	0	0	0	0	0.002671	Bac
BACasv965	0.000118711	0	0	0	0	0	0	0	0.001483888	Bac
BACasv966	0	0.000167017	0	0	0	0	0	0	0.002087713	Bac
BACasv967	0	0	9.65E-05	0	0	0	0	0	0.00120625	Bac
BACasv968	0	0	9.65E-05	0	0	0	0	0	0.00120625	Bac
BACasv969	0	0.000133614	9.65E-05	0	0	0	0	0	0.002876425	Bac
BACasv970	0	0	0	0.000181515	0	0	0	0	0.002268938	Bac
BACasv971	0	0	0	0.000181515	0	0	0	0	0.002268938	Bac
BACasv972	0	0	0	0.000181515	0	0	0	0	0.002268938	Bac
BACasv973	0	0	0	0	0.000261757	0	0	0	0.003271963	Bac
BACasv988	9.50E-05	0	0	0	0.00034901	0	0	0	0.005550125	Bac
BACasv993	9.50E-05	0	5.79E-05	0	0	0	0	0	0.00191125	Bac
BACasv994	9.50E-05	0	0	0	0	0	0	0	0.0011875	Bac
BACasv995	0	0	0	0.000145212	0	0	0	0	0.00181515	Bac
BACasv996	0	0	0	0	0	0.000290613	0	0	0.003632663	Bac
BACasv997	0	0	0	0	0	0	0	0.000314936	0.0039367	Bac
BACasv1015	7.12E-05	0	0	0	0	0	0	0	0.00089	Bac
BACasv1016	7.12E-05	0	0	0	0	0	0	0	0.00089	Bac
BACasv1017	7.12E-05	0	0	0	0	0	0	0	0.00089	Bac
BACasv1018	0	0	0	0.000108909	0	0	0	0	0.001361363	Bac
BACasv1019	0	0	0	0	0	0	0.000150113	0	0.001876413	Bac
BACasv1027	0	6.68E-05	0	0	0	0	0	0	0.000835	Bac
BACasv1031	4.75E-05	0	0	0	0	0	0	0	0.00059375	Bac
BACasv1032	0	6.68E-05	0	0	0	0	0	0	0.000835	Bac
BACasv1033	0	6.68E-05	0	0	0	0	0	0	0.000835	Bac
BACasv1034	0	0	0	0	0.000174505	0	0	0	0.002181313	Bac
FUNasv1	0.136777569	0.178543987	0.186404871	0.17243255	0.118539512	0.123842399	0.228045002	0.171741982	16.4540984	Fun
FUNasv2	0.033939769	0.017989779	0.012799801	0.014009767	0.003712626	0.006010032	0.002120581	0.000798855	1.142265125	Fun
FUNasv3	0.025082877	0.020599822	0.038827444	0.059097283	0.018638704	0.018421082	0.022399431	0.022904495	2.824639225	Fun
FUNasv4	0.06524344	0.031820566	0.058144512	0.078764143	0.092173256	0.050649597	0.125126981	0.072743532	7.183325338	Fun
FUNasv5	0.022017414	0.010049884	0.006241111	0.007953776	0.001634311	0.001552778	0.002171373	0.000524621	0.65181585	Fun
FUNasv6	0.063935376	0.068617287	0.10579512	0.106445218	0.025648292	0.050537887	0.042792564	0.037581972	6.26692145	Fun
FUNasv7	0.030305148	0.037418741	0.084627812	0.07844986	0.01282887	0.046035948	0.048633685	0.025730297	4.550379513	Fun
FUNasv8	0.044863602	0.050493347	0.04992889	0.044168842	0.058816305	0.033133371	0.0352372	0.054012162	4.633171488	Fun
FUNasv9	0.001977074	0.000536644	0.000110462	0.00010879	0.0003023	0.00021225	0.000292056	0.000250388	0.04737455	Fun
FUNasv10	0.002356512	0.001439182	0.000441849	0.000568127	0.000510132	0.000402158	0.000672999	0.001454632	0.098069888	Fun
FUNasv11	0	0	0.000662773	0.000290107	0.042407066	0.203436219	0.015974197	0.026731847	3.618777613	Fun
FUNasv12	0.032501897	0.018587406	0.015989396	0.022096509	0.003145813	0.003943385	0.002095185	0.004363897	1.2840436	Fun
FUNasv13	0.002206734	0.000487858	0.000110462	8.46E-05	0.00012281	0	0	0	0.0376558	Fun
FUNasv14	0.012211926	0.009805954	0.004611795	0.006406537	0.001058051	0.001117106	0.00139679	0.000321927	0.461626075	Fun
FUNasv15	0.037614331	0.028576307	0.000138078	0.000169229	0.00012281	0.010154496	0.122612759	0.001168475	2.506956063	Fun
FUNasv16	0.000519232	0.000865949	0.002678707	0.001232956	0.003372538	0.004859412	0.001079338	0.000274234	0.186029575	Fun
FUNasv17	0.023055877	0.041370394	0.017673943	0.013985591	0.01267772	0.010288549	0.010806075	0.025360677	1.940235325	Fun
FUNasv18	0.000289571	0	0.000207117	0.000350546	0.000387322	0	0	0	0.01543195	Fun
FUNasv19	0.001068419	0.000182947	0	9.67E-05	0.00015115	0.000167566	6.35E-05	0.009502802	0.14041355	Fun
FUNasv20	0.005481887	0.000597627	0.000179501	0.000290107	0.000906901	0.000223421	0.000126981	0.000286157	0.101157275	Fun
FUNasv21	0.008697128	0.003707724	0.000828466	0.000942849	0.010996174	0.00178737	0.000520622	0.002229641	0.371374675	Fun
FUNasv22	0.021578064	0.020099767	0.005536915	0.005173581	0.003429219	0.001921423	0.00359356	0.011958984	0.916143913	Fun
FUNasv23	0.028667572	0.036833311	0.015878933	0.011519679	0.029266449	0.008076678	0.002907863	0.011827829	1.812228925	Fun
FUNasv24	0.000968567	0.001073289	0.001366969	0.001402185	0.049756743	0.005831295	0.003453881	0.032931918	1.209810588	Fun
FUNasv25	0.00181731	0.000561037	0	0	0.000330641	0.000189908	0	0	0.0362362	Fun
FUNasv26	0.021747813	0.019453355	0.017839637	0.028744802	0.031854896	0.022889507	0.021193113	0.021473709	2.3149604	Fun
FUNasv27	0.014328793	0.011745192	0.014014885	0.015980079	0.012573804	0.043176156	0.014729785	0.024382974	1.88664585	Fun
FUNasv28	0.001318049	0.096181288	0.00760808	0.006575766	0.000585707	0.000323961	0.00146028	0.000453082	1.431327663	Fun
FUNasv29	0.000649039	0.000451269	0.000262348	0.000265932	0.004799018	0.05877096	0.006044291	0.010397043	1.02049875	Fun
FUNasv30	0.025751887	0.0258443	0.013780153	0.009525191	0.000292853	0.000804316	0.000736489	0.000918088	0.970665963	Fun
FUNasv31	0.000279586	0.000280519	0	3.63E-05	0.033980445	0.001943765	0.004761784	0.003314654	0.557463163	Fun
FUNasv32	0.002186764	0.001085485	0.000593734	0.000713181	0.000188938	0.00010054	0.000215868	0	0.063556375	Fun
FUNasv33	0.00470304	0.00179288	0.000828466	0.00126922	0.000358982	0	0	0	0.11190735	Fun
FUNasv34	0.02027	0.019416765	0.003797136	0.005028527	0.001350905	0.000904856	0.000571414	0.000441159	0.647259525	Fun
FUNasv35	0.004423453	0.003793099	0.00229209	0.004315347	0.000113363	0	0.000101585	0	0.187986713	Fun
FUNasv36	0.001707473	0.001146467	0.001035583	0.000979112	0.000557366	0.000480356	0.000177773	0.00100155	0.088571	Fun
FUNasv37	0.004143867	0.00337842	0.006475843	0.004085678	0.006017666	0.006702637	0.029129419	0.016597115	0.956633063	Fun
FUNasv38	0.00336502	0.002219756	0.003382903	0.003324147	0.001020264	0.001284672	0.000812678	0.000727316	0.20170945	Fun
FUNasv39	0.047929065	0.051383688	0.059442442	0.053536892	0.049388314	0.061418502	0.058563592	0.103469655	6.064151875	Fun
FUNasv40	0.001977074	0.001475772	0.001988319	0.002888986	0.000113363	0.000167566	0.000507924	0	0.11398755	Fun
FUNasv41	0.006360586	0.004524887	0.008491777	0.010202108	0.004402248	0.008177218	0.014831369	0.049159413	1.326870075	Fun
FUNasv42	0.014149059	0.010818261	0.015381854	0.015158109	0.032091068	0.011517365	0.00737759	0.0180279	1.556515075	Fun
FUNasv43	0.00562168	0.007183715	0.009927785	0.00958563	0.002427849	0.007719204	0.007936306	0.00463813	0.688003738	Fun
FUNasv44	0.000539202	0.000390287	0.003410519	0.0014868	0.015606254	0.006970743	0.017637647	0.007797782	0.672990425	Fun
FUNasv45	0.003794384	0.002975936	0.001311738	0.002127454	0	0.000882514	0.001307903	0	0.154999113	Fun
FUNasv46	0.00179734	0.002256345	0.001146045	0.001571415	0.0003023	0.000938369	0.000761885	0.002897341	0.145888	Fun
FUNasv47	0.006759995	0.007159322	0.007152424	0.011024079	0.002664022	0.014332473	0.009675945	0.013437463	0.902571538	Fun
FUNasv48	0.000888685	0.000536644	0	8.46E-05	6.61E-05	0	0	0	0.019700363	Fun
FUNasv49	0.00361465	0.002658828	0.001325546	0.002006576	0	0.000134053	0	0	0.121745663	Fun
FUNasv50	0.000469305	0	0	0	8.50E-05	0.000145224	0	0	0.008744113	Fun
FUNasv51	0.000499261	0.00017075	0.001311738	0.00209119	0.006990695	0.020789347	0.003187221	0.002921188	0.474517375	Fun
FUNasv52	0.01034469	0.0134405	0.01763252	0.023099797	0.048368051	0.025659931	0.025840614	0.027566472	2.399407188	Fun
FUNasv53	0.010264808	0.006366552	0.012772186	0.007434001	0.001615417	0.002088989	0.000622206	0.016477882	0.720525513	Fun
FUNasv54	0	0.000231733	0.012233683	0.003783483	0	0.002547002	3.81E-05	0.027721474	0.581943438	Fun
FUNasv55	0.001278108	0.000463466	0.000856082	0.000979112	0.000160597	0.000323961	0.00026666	0	0.054099825	Fun
FUNasv56	0.001258138	0.000707395	0.000787043	0.000326371	0.031420339	0.000849001	0.00053332	0.002480029	0.47952045	Fun
FUNasv57	0.000419379	0	0	0	0	0	0	0	0.005242238	Fun
FUNasv58	0.004423453	0.003695528	0.005868302	0.004049415	0.003523688	0.002580515	0.002184072	0.008405866	0.434135488	Fun
FUNasv59	0.001547709	0.001109878	0.001532662	0.002018664	0.001209201	0.001005396	0.001765035	0.000178848	0.129592413	Fun
FUNasv60	0.000329512	0.00017075	0	0.000132966	0.018695385	0	0	0.011637057	0.387070875	Fun
FUNasv61	0.001687502	0.0027564	0.003451942	0.003614254	0.005375278	0.005339768	0.003301503	0.006915464	0.405526388	Fun
FUNasv62	0.004842833	0.003732117	0.00309294	0.004194469	0.0003023	0.000335132	0.000469829	0.000894241	0.223298263	Fun
FUNasv63	0.004193793	0.001744094	0.001960703	0.0019824	0.001020264	0.000770803	0.000152377	0.000226541	0.150637188	Fun
FUNasv64	0.00204697	0.003475991	0.002941055	0.002925249	0.001983846	0.017851358	0.000355547	0.00166925	0.415615825	Fun
FUNasv65	0.000509246	0	0.000193309	0	0	0.000256934	0.000622206	0	0.019771188	Fun
FUNasv66	0	0	0	0.000157141	0.00012281	0.000458014	0.000520622	2.38E-05	0.016029838	Fun
FUNasv67	0	0	0.000690388	0	0.046535355	0.001396383	0.000253962	0.000107309	0.612292463	Fun
FUNasv68	0.007279227	0.006549499	0.007635696	0.004013152	0.002210571	0.001038909	0	0.000608084	0.366689225	Fun
FUNasv69	0.001507769	0.000219536	0	0	0	0	0	0	0.021591313	Fun
FUNasv71	0.003105404	0.002195363	0.00179501	0.00209119	0	0	0	0	0.114837088	Fun
FUNasv72	0.002815833	0.000731788	0.001656932	0.000918673	0.00145482	0.006792006	0.000584112	0.000405389	0.191994413	Fun
FUNasv73	0.000698966	0.000280519	0	0	0.000160597	0	8.89E-05	3.58E-05	0.015809775	Fun
FUNasv74	0.000359468	0	0	0	0	0	0	0	0.00449335	Fun
FUNasv75	0.00179734	0.003634545	0.004791296	0.005330722	0.004090501	0.006389848	0.007364892	0.007583164	0.51227885	Fun
FUNasv76	0.002096897	0.002792989	0.019607031	0.011096606	0.003448113	0.005920663	0.004507822	0.006927388	0.704968863	Fun
FUNasv77	0.008497424	0.007903306	0.0014222	0.000954937	0.00027396	0.000759632	0.000546018	0.002933111	0.29113235	Fun
FUNasv78	0.00091864	0.000707395	0.000510887	0.000531863	0	0	0	0	0.033359813	Fun
FUNasv79	0.000109837	0	0	0	0	0	0	0	0.001372963	Fun
FUNasv80	0.000609099	0.001439182	0.00191928	0.000423073	0.020329696	0.000893685	0.003784031	0.009002027	0.480000913	Fun
FUNasv81	0.007578783	0.003122294	0.01157091	0.008606518	0.001350905	0.000256934	0	0.001120782	0.420089075	Fun
FUNasv82	0.000429365	0	0	0	0	0	0	0	0.005367063	Fun
FUNasv83	0.00020969	9.76E-05	0	0	0	0	0	0	0.003841125	Fun
FUNasv84	0.001048448	0.000939127	0.001891664	0.001607678	0.002352274	0	0	0	0.097989888	Fun
FUNasv85	0.00110836	0.00037809	0.000317579	0.00109999	0	0.000134053	0.000126981	0.000357696	0.044034363	Fun
FUNasv86	0.001078404	0.000975717	0.001684548	0.001523064	0.0003023	0.000111711	8.89E-05	0	0.07205805	Fun
FUNasv87	0.000589128	0.001927041	0.001532662	0.0019824	0	0.000290448	0.000380943	0.000202695	0.086316463	Fun
FUNasv88	0.004133882	0.004488297	0.003603828	0.004170293	0	7.82E-05	0	0.000262311	0.209210138	Fun
FUNasv89	0.000379438	0.000426876	0.000787043	0.000531863	0.000793538	0.00073729	0.014640898	0.003481579	0.272231563	Fun
FUNasv90	0.001487798	0.001061092	0.001077006	0.000979112	0.001766567	0	0.000380943	0.000536545	0.091113288	Fun
FUNasv91	0.00200703	0.000609823	0.001228891	0.001015376	0.012894998	0.003865188	0.006742686	0.006867772	0.44039705	Fun
FUNasv92	0.001777369	0.001305021	0.001449816	0.002067015	0.000188938	0	0	7.15E-05	0.085745738	Fun
FUNasv93	0.001917163	0.000878145	0.000911313	0.001293395	0	0	0	0	0.0625002	Fun
FUNasv94	0	0	0	0.000217581	0	0	0	0	0.002719763	Fun
FUNasv95	7.99E-05	7.32E-05	0	0	7.56E-05	0	0	0	0.00285875	Fun
FUNasv96	0.003355035	0.003073508	0.004211369	0.004823035	0.009191819	0.004669504	0.001917412	0.002277334	0.4189877	Fun
FUNasv97	0.000748892	0	0	0.000362634	0	0	0.000304754	2.38E-05	0.018001	Fun
FUNasv98	0.002516276	0.002036809	0.00526076	0.003239532	0.00045345	0.000714948	0.001320601	0.00129963	0.210525075	Fun
FUNasv99	0.001457842	0.000853752	0.00414233	0.002671405	0.002323934	0.00094954	0.000774584	0.001776559	0.186874325	Fun
FUNasv100	0.000149778	7.32E-05	0	0.000120878	0	0	0	0	0.0042982	Fun
FUNasv101	0.002376483	0.000353697	0.000165693	0.000326371	8.50E-05	0.00010054	0.000152377	0.000166925	0.046588575	Fun
FUNasv102	0.004273675	0.001439182	0.001822625	0.00159559	0.000736857	0.00083783	0.000571414	0.001025396	0.153782113	Fun
FUNasv103	0.000299557	0.00020734	0.000138078	0.000314283	0.001369798	0.000971882	0.001079338	0.000596161	0.062205463	Fun
FUNasv104	0.000609099	0.00037809	0.000648965	0.000374722	0.00057626	0	7.62E-05	0.000798855	0.043277388	Fun
FUNasv105	0.000728921	0.000365894	0.000414233	0.000531863	0.0003023	0.000279277	0.00053332	0	0.0394476	Fun
FUNasv106	0.000299557	0.000317108	0.000704196	0.001329659	0	0	0	0	0.0331315	Fun
FUNasv107	0.000998522	0.000317108	0.000897505	0.000616478	0	0	0	0	0.035370163	Fun
FUNasv108	0.000219675	0	0	0	0	0	0	0	0.002745938	Fun
FUNasv109	0.000828773	0.000390287	0.000289963	0.00038681	0.000680176	0.000938369	0.001079338	0.000131155	0.059060888	Fun
FUNasv110	0.000758877	0.000219536	0	0	0	0	0	0	0.012230163	Fun
FUNasv111	0.00045932	0.00020734	0	0	0	0	0	0	0.00833325	Fun
FUNasv112	0.001427887	0.000512251	0.001201276	0.001438449	0.000311747	0	0	0	0.061145125	Fun
FUNasv113	0.000249631	0.000134161	0	0	0	0	0	0	0.0047974	Fun
FUNasv114	4.99E-05	0	0	0.00038681	0	0	0	0	0.005458875	Fun
FUNasv115	0.001517754	0.000353697	0	3.63E-05	0	0	0	0	0.023846888	Fun
FUNasv116	5.99E-05	0	0	0	0	0	3.81E-05	0	0.001225	Fun
FUNasv117	0.001777369	0.003305241	0.003935214	0.004339522	0	0	0	0	0.166966825	Fun
FUNasv118	0.000449335	0.000304912	6.90E-05	6.04E-05	0	0	0	0	0.011045588	Fun
FUNasv119	0.000659025	0.000219536	0.001242699	0.000725268	0.000604601	0	0	0.000405389	0.048206475	Fun
FUNasv120	0.00045932	0.00017075	0.000635157	0.001075815	0	0	0	0	0.029263025	Fun
FUNasv121	0.000389424	0.000146358	0	0	0	0	0	0	0.006697275	Fun
FUNasv122	0.000768862	0.001988023	0.002568245	0.002828547	0	0	0	0.000166925	0.104007525	Fun
FUNasv123	0.000409394	0.000195143	0.000220924	0.000374722	0	0	0	0	0.015002288	Fun
FUNasv124	0.001038463	0.000500055	0.00012427	0.000193405	0	0	0	0	0.023202413	Fun
FUNasv125	0.000359468	0.000353697	0.000276155	0.000447249	0	0	0	0	0.017957113	Fun
FUNasv126	0.000299557	0.000146358	0.001007967	0.000471424	0.007510273	0.0004245	0.000342848	0.000643854	0.135584763	Fun
FUNasv127	0.001837281	0.000743984	0.000110462	0.000241756	0	0	0	0	0.036668538	Fun
FUNasv128	0.003744458	0.000634216	0.000207117	0.000157141	0	0	0	0	0.05928665	Fun
FUNasv129	0.000389424	0.000390287	6.90E-05	0.000193405	0	0	0	0	0.01302645	Fun
FUNasv130	0.000888685	0.000451269	0.000566118	0.00088241	0	0	0	0	0.034856025	Fun
FUNasv131	0.000479291	4.88E-05	0	0	0	0	0	0	0.006601138	Fun
FUNasv132	0.000169749	0.000536644	0.000207117	0.000447249	0.000547919	0.001038909	0.001155526	0.008131632	0.152934313	Fun
FUNasv133	0.001308064	0.001805076	0.000759427	0.000797795	0.000906901	0.000625579	0.001206319	0.001681173	0.113629175	Fun
FUNasv134	0.000339498	0	0	0	0	0	0	0	0.004243725	Fun
FUNasv135	0.000629069	0.00017075	0	7.25E-05	0.000132256	0.000290448	0.00026666	5.96E-05	0.020266038	Fun
FUNasv136	0.000928626	0.000146358	9.67E-05	0.000350546	0	0	0	0	0.019027875	Fun
FUNasv137	6.99E-05	8.54E-05	0	0	0	0	0	0	0.00194125	Fun
FUNasv138	0.001028478	0.002390506	0.00179501	0.003094478	0.003259175	0.000659093	0.000507924	0.000691546	0.167827625	Fun
FUNasv139	0.002396453	0.000268322	0.002140204	0.001752732	0.000991923	0.000223421	0.000253962	0.000977704	0.112559013	Fun
FUNasv140	0.000698966	0.00117086	0.000869889	0.000362634	0.000340088	0.002960332	0.002285656	0.001287707	0.12470165	Fun
FUNasv141	0.000419379	0.000548841	0.000331386	0.000447249	0	0	7.62E-05	0	0.022788188	Fun
FUNasv142	7.99E-05	7.32E-05	0	0	0	0	0	0	0.00191375	Fun
FUNasv143	0	0	0	0	0.014907184	0.00073729	0.00166345	0.000548468	0.2232049	Fun
FUNasv144	0.000549187	0.000487858	0.001242699	0.000483512	0.000510132	0.002792766	0.000838074	0.001693096	0.10746655	Fun
FUNasv145	0.001058434	0.000951324	0.003065325	0.001172517	0	0	0	0	0.078095	Fun
FUNasv146	0.002566202	0.001841666	0.000414233	0.000253844	0.000377875	5.59E-05	0	0	0.0688715	Fun
FUNasv147	7.99E-05	0.000243929	0	0.000193405	0.000141703	0.000245763	0.000190471	0	0.013689638	Fun
FUNasv148	0.000289571	4.88E-05	0.000207117	8.46E-05	0	0	0	0.000166925	0.009962663	Fun
FUNasv149	0.002126852	0.000317108	0	0	0	0	0	0	0.0305495	Fun
FUNasv150	4.99E-05	0.000109768	0	0.00038681	0.000141703	0	0	0	0.008602263	Fun
FUNasv151	0.000858729	0.000804966	0.00092512	0.000568127	0	0	0	0	0.039461775	Fun
FUNasv152	0.000299557	0	0	0	2.83E-05	7.82E-05	5.08E-05	3.58E-05	0.006158213	Fun
FUNasv153	8.99E-05	0	0	0	0	0	0	0	0.00112375	Fun
FUNasv154	0.004233734	0.000121965	0.005592146	0.003372498	0	0	0	0	0.166504288	Fun
FUNasv155	0	0	0	0	0.000141703	0	0	0	0.001771288	Fun
FUNasv156	0.000649039	0.000268322	0.00024854	0.000640654	0.00102971	0.001698001	0.001257111	0.001323477	0.088935675	Fun
FUNasv157	0.000549187	0.000292715	0	0.000229668	0	0	0	0	0.013394625	Fun
FUNasv158	0	0.000341501	0	0	0.000330641	0.000659093	0.00059681	9.54E-05	0.025293063	Fun
FUNasv159	0.000289571	0.000134161	0	0	0	0	0	0	0.00529665	Fun
FUNasv160	0.00045932	0.000109768	0.000345194	0.000265932	0.000141703	0	0.000279358	0	0.020015938	Fun
FUNasv163	7.99E-05	0.000268322	0	0	0.002692362	0.000748461	0.000507924	0.001561941	0.073236375	Fun
FUNasv164	6.99E-05	0	0.000179501	8.46E-05	0.00057626	0.00116179	0	4.77E-05	0.026496888	Fun
FUNasv165	0.000758877	0.000219536	0.003106748	0.001680205	0.000396769	0.000390987	0.000977753	0.00196733	0.118727563	Fun
FUNasv166	0.000319527	0	0.00012427	0.000157141	0.001039157	0.000335132	0.000165075	0	0.026753775	Fun
FUNasv167	0.000109837	0.000146358	0.000289963	0.000229668	0	0	0	0	0.009697825	Fun
FUNasv168	0.000199704	0	0	0	0	0	0	0	0.0024963	Fun
FUNasv169	0.000249631	6.10E-05	6.90E-05	8.46E-05	3.78E-05	0	0	0	0.006275388	Fun
FUNasv170	0.00066901	0.000890342	0.000883697	0.001039551	0.000217278	0	0.000165075	0	0.048311913	Fun
FUNasv171	0.002017015	0.000256126	0.001228891	0.000193405	0.000519579	0.000703777	0.000584112	0	0.068786313	Fun
FUNasv172	0.000359468	9.76E-05	0	7.25E-05	4.72E-05	0.004859412	0.003428484	0.000345773	0.115130463	Fun
FUNasv173	0.000299557	0.000243929	0.000566118	0.000834059	0.000793538	0.000983053	0.000571414	0.001240014	0.069146025	Fun
FUNasv174	0.000149778	0	0	0	0	0.000122882	0	0	0.00340825	Fun
FUNasv175	0.000349483	0.000182947	0.000110462	7.25E-05	0	0	3.81E-05	0	0.00941865	Fun
FUNasv176	0.000179734	0.000146358	0.000138078	0.00010879	0	0.001463409	0.001536469	0.000488852	0.050771125	Fun
FUNasv177	0.000139793	8.54E-05	0	0	0	0	0	0	0.002814913	Fun
FUNasv178	0.000249631	0	0.00024854	0	0.000661282	0.000167566	0.001206319	0	0.031666725	Fun
FUNasv179	0.000469305	0.00017075	0	0	0	0	0	0	0.008000688	Fun
FUNasv180	0.000379438	0.000146358	0.000110462	9.67E-05	0	0	0	0	0.009161975	Fun
FUNasv181	0.000519232	6.10E-05	0.000165693	0.000157141	0.000982476	0	0.000482527	0.000166925	0.031687425	Fun
FUNasv182	8.99E-05	0	0.000179501	9.67E-05	0.004799018	0.00357474	0.001053941	0.001108859	0.136283238	Fun
FUNasv183	0	8.54E-05	0	7.25E-05	0	0	0	5.96E-05	0.00271875	Fun
FUNasv184	0.000659025	0.000609823	0.000400425	0.000664829	0	0	0	0	0.029176275	Fun
FUNasv185	0.000379438	0.000390287	0.000441849	0.000701093	0	0	0	0	0.023908338	Fun
FUNasv186	0.000139793	0	0	0	0.001766567	0.001508093	0.000888866	0.000166925	0.05587805	Fun
FUNasv187	0.000489276	0.000365894	0.00012427	0.000290107	0	0	0	0	0.015869338	Fun
FUNasv188	0.000609099	0.000695198	0.001159853	0.000628566	0.00042511	0.000245763	0	0.000107309	0.048386225	Fun
FUNasv189	5.99E-05	0	0	0	0	0	0.000114283	0	0.002177288	Fun
FUNasv191	0.000399409	0.000158554	0	0	0	0	0	0	0.006974538	Fun
FUNasv192	0	0	0.000138078	6.04E-05	7.56E-05	0.002144844	0.002018996	0.000274234	0.0589019	Fun
FUNasv193	0.000728921	0.000304912	0	0	0	0	0	0	0.012922913	Fun
FUNasv194	0.000179734	0.00100011	0	7.25E-05	0	0	0	0	0.0156543	Fun
FUNasv196	0	0.00017075	0.00062135	0.000253844	0.00102971	0.000167566	0.000711093	0.004614284	0.094607463	Fun
FUNasv197	0.001367975	0	0.000676581	0.00077362	0	0	0	0	0.0352272	Fun
FUNasv198	0.000129808	0	0	6.04E-05	0	0	0	0	0.0023776	Fun
FUNasv200	0.001387946	0.000182947	0.000303771	0.00126922	0.000481791	8.94E-05	7.62E-05	0.000310004	0.051265988	Fun
FUNasv201	0.000469305	8.54E-05	0.000317579	0.000290107	0	0	0	0	0.014529888	Fun
FUNasv203	0.000169749	8.54E-05	0	0	0.000585707	0.000357474	0.000342848	0.000155002	0.02120225	Fun
FUNasv204	0	0	0	0	7.56E-05	0	0	0.000226541	0.003776763	Fun
FUNasv205	0	0.000719591	0.00012427	9.67E-05	6.61E-05	0.00252466	0.000761885	5.96E-05	0.054410075	Fun
FUNasv206	0	0	0	0	0	2.23E-05	0	0	0.00027875	Fun
FUNasv207	0	6.10E-05	2.76E-05	0	0.000859667	0.000279277	0.002082487	0.000393466	0.046293713	Fun
FUNasv208	0.000239645	8.54E-05	0	0	0	0	0	0	0.004063063	Fun
FUNasv209	4.99E-05	0	0	0	0	8.94E-05	0	0	0.00174125	Fun
FUNasv210	0.000139793	0	0	0	0	4.47E-05	0	0	0.002306163	Fun
FUNasv211	0.000179734	7.32E-05	0	0	9.45E-05	5.59E-05	6.35E-05	0	0.005835425	Fun
FUNasv212	0.00043935	0.000524448	0.000345194	0.000543951	0	0	0	0	0.023161788	Fun
FUNasv213	9.99E-05	0	0	0	0	0	0	0	0.00124875	Fun
FUNasv214	5.99E-05	0	0	0	0.000170044	0.000301619	0.000215868	7.15E-05	0.010236638	Fun
FUNasv215	0	0.000487858	0.00024854	0.000338459	0	0	0	0	0.013435713	Fun
FUNasv216	0	0	0	0	0	0.000692606	0.000279358	0.000166925	0.014236113	Fun
FUNasv217	0.000159764	0	0	0	0	0	0	0	0.00199705	Fun
FUNasv218	0.000828773	0.000780573	0.000331386	0.00077362	0.000264513	0.000458014	0.000393641	0.000143079	0.049669988	Fun
FUNasv219	0.00066901	0.000463466	0.000593734	0.000120878	8.50E-05	8.94E-05	0.000571414	0.00033385	0.0365844	Fun
FUNasv220	0.000639054	0.000561037	0.000952736	0.001027463	0	0.000178737	0.000368245	0.000166925	0.048677463	Fun
FUNasv221	6.99E-05	0	9.67E-05	0	0	0	0	0	0.0020825	Fun
FUNasv222	0.000738906	0.000512251	0.00117366	0.000846146	0.001653205	0.000156395	0.001003149	0.000584238	0.083349375	Fun
FUNasv223	9.99E-05	7.32E-05	0	0	0	0.000681435	0	0	0.010681688	Fun
FUNasv224	3.00E-05	3.66E-05	6.90E-05	0.00010879	0.000944688	0.000681435	0.000444433	0.00063193	0.03683595	Fun
FUNasv225	0.000149778	0	0	0	0.000132256	0	0	0	0.003525425	Fun
FUNasv226	0.000309542	4.88E-05	0	0	0	0	0	0	0.004479275	Fun
FUNasv227	0.000149778	0.000219536	0.000262348	0.000507688	0	0	6.35E-05	0	0.015035625	Fun
FUNasv229	0	6.10E-05	0	0	0.000632941	0.000167566	0.000126981	0.000143079	0.014144588	Fun
FUNasv230	0.001138315	0.001366004	0.000510887	0.001003288	0	0.000189908	0	0	0.052605025	Fun
FUNasv231	0.000259616	0	0	7.25E-05	0	0	0	0	0.00415145	Fun
FUNasv232	9.99E-05	6.10E-05	0	0	0	0	0	0	0.00201125	Fun
FUNasv233	8.99E-05	0	0	0.000471424	0.001908271	0	0.001650752	0.002420413	0.0817595	Fun
FUNasv234	0.000579143	0	0.000165693	0.000302195	8.50E-05	0.000323961	0.000507924	0.001979254	0.049289625	Fun
FUNasv235	7.99E-05	0.000500055	0.000510887	0.00060439	0	0	0	0	0.0211904	Fun
FUNasv236	0	6.10E-05	0	0	0	0	0	0	0.0007625	Fun
FUNasv237	8.99E-05	0	4.14E-05	0.000241756	0	0	0	0	0.0046632	Fun
FUNasv238	0.000199704	0	0.00012427	0	0	0	0	0	0.004049675	Fun
FUNasv239	0.000369453	0.000219536	0.000165693	0.000120878	0	0.000167566	0	0	0.013039075	Fun
FUNasv240	4.99E-05	0	0	0	0	0	0	0	0.00062375	Fun
FUNasv241	0.000239645	7.32E-05	6.90E-05	0	0	0	0	0	0.004773063	Fun
FUNasv243	0.000559172	0.000219536	9.67E-05	0	0	0	0	0	0.0109426	Fun
FUNasv244	0.000399409	0.000256126	0.000718004	0.000918673	0.000349535	0.000357474	0	0.000977704	0.049711563	Fun
FUNasv245	0.000119823	6.10E-05	0	0	0	0	0	0	0.002260288	Fun
FUNasv246	0	0	0	0	0	3.35E-05	0	0	0.00041875	Fun
FUNasv248	0.000129808	0	0	0	0	0	0	0	0.0016226	Fun
FUNasv249	0.000269601	0.000109768	0	8.46E-05	0.000614048	0	0	5.96E-05	0.014220213	Fun
FUNasv250	9.99E-05	0	5.52E-05	8.46E-05	0	0	0	0	0.00299625	Fun
FUNasv251	0.000589128	0.000134161	0.000165693	0.000265932	0	0.000245763	0.000101585	0.000107309	0.020119638	Fun
FUNasv252	0.000339498	0.000353697	0.000179501	0.000447249	0	0	0	0	0.016499313	Fun
FUNasv253	0.000119823	7.32E-05	0	0.000145054	0.000103916	0.000156395	0.000215868	0	0.0101782	Fun
FUNasv254	0.00089867	0.000390287	0.000952736	0.00027802	8.50E-05	5.59E-05	2.54E-05	8.35E-05	0.034618913	Fun
FUNasv255	0.000359468	0.000109768	0.000234732	0	0	0	5.08E-05	0	0.0094346	Fun
FUNasv256	0.000559172	0	0.00012427	0	0	0	0	0	0.008543025	Fun
FUNasv257	0	0.000146358	0.000414233	8.46E-05	0.000897454	0.000368645	0.000355547	0.00029808	0.032061463	Fun
FUNasv258	0	0.000402483	0	3.63E-05	0	0	0	0	0.005484788	Fun
FUNasv259	0.000189719	0.000573234	0.00037281	0.000314283	0	0	0	0	0.018125575	Fun
FUNasv260	0	0	0	6.04E-05	0	0	0	0	0.000755	Fun
FUNasv263	0	0.000195143	0.000110462	0.000205493	0	0.000134053	0.000215868	0.001311554	0.027157163	Fun
FUNasv265	5.99E-05	0	0	0	0	0	0	0	0.00074875	Fun
FUNasv267	0	0.000256126	0	0	0.000349535	0.00031279	0	0	0.011480638	Fun
FUNasv268	0.000319527	0.000268322	0	0.000435161	0	0	0	0	0.012787625	Fun
FUNasv269	0.000269601	0.00041468	0.000193309	0.000193405	4.72E-05	0	0	0.000107309	0.0153188	Fun
FUNasv270	0.000389424	0.00020734	0.000303771	0.000362634	0	0	0	0	0.015789613	Fun
FUNasv271	0	8.54E-05	0	0	0	0	0	0	0.0010675	Fun
FUNasv272	0.000599113	0.001439182	0.000510887	0.000290107	0	0	0	0.000178848	0.037726713	Fun
FUNasv276	0.000199704	0.000439073	0.000110462	0	0.000358982	0	0.000101585	0	0.015122575	Fun
FUNasv277	0.000139793	4.88E-05	0	0.00010879	0.000670729	0.001251159	0.000241264	0.000155002	0.032694213	Fun
FUNasv278	0.000109837	0	8.28E-05	0.000132966	0	7.82E-05	0	0	0.005047538	Fun
FUNasv279	0	0	0	0	0	0	0	0.000178848	0.0022356	Fun
FUNasv281	3.99E-05	0	0	0	0	0	0	0	0.00049875	Fun
FUNasv282	0.000748892	9.76E-05	0.000317579	0.000193405	0	0	0.000368245	0.000107309	0.022912875	Fun
FUNasv283	5.99E-05	4.88E-05	0.000110462	0.000568127	0.000491238	0	7.62E-05	0.000274234	0.020362013	Fun
FUNasv285	7.99E-05	0	0	0.000290107	0	0	0	0.000274234	0.008053013	Fun
FUNasv286	0	0	0	0	0.000198385	0.001351699	0.000177773	0.000214618	0.024280938	Fun
FUNasv287	0.000149778	8.54E-05	0	0	0	0	0	0	0.002939725	Fun
FUNasv288	0.000579143	0	0.000193309	0.000265932	0	0	2.54E-05	0	0.0132973	Fun
FUNasv289	0.000199704	7.32E-05	0.000179501	0.000302195	0	0	0	0	0.0094325	Fun
FUNasv290	0.000159764	0	0	0	0	0	0	0	0.00199705	Fun
FUNasv291	0	0	0	0	0.001228095	7.82E-05	5.08E-05	0	0.016963688	Fun
FUNasv295	0.000309542	0.000109768	0.000276155	0.000290107	0	0	3.81E-05	0	0.0127959	Fun
FUNasv296	0	0	0	0	0.000141703	0.000145224	0.000126981	3.58E-05	0.00562135	Fun
FUNasv298	0.000559172	0.000329304	0	0	0	0	0	0	0.01110595	Fun
FUNasv299	0	0	0	0	0	0	0	0.001490402	0.018630025	Fun
FUNasv300	5.99E-05	6.10E-05	6.90E-05	6.04E-05	0	0	0	2.38E-05	0.00342625	Fun
FUNasv301	0	0	0	0	0.000340088	0.000290448	0.000393641	0.001216168	0.028004313	Fun
FUNasv302	8.99E-05	0	8.28E-05	0	7.56E-05	0	0	3.58E-05	0.00355125	Fun
FUNasv303	0.00045932	0	0	0.000145054	4.72E-05	0	0	0	0.008144675	Fun
FUNasv304	0	0.000134161	0	0	0	0	0.000152377	0.000238464	0.006562525	Fun
FUNasv307	8.99E-05	0	0	0	0	0	0	0	0.00112375	Fun
FUNasv308	4.99E-05	0	0.000331386	0.000785707	0	0	0	0	0.014587413	Fun
FUNasv309	0	0	0	0	0.000954135	0	0	0.000107309	0.01326805	Fun
FUNasv310	0	0	0	0	0.000595154	0	6.35E-05	0	0.008233175	Fun
FUNasv311	6.99E-05	0	0	0	0	0.000335132	0.000546018	0	0.011888125	Fun
FUNasv312	4.99E-05	0	0	0	0	0	0	0	0.00062375	Fun
FUNasv313	0	0	0	0	0.000812432	0	0	0	0.0101554	Fun
FUNasv314	0	0	0	0	8.50E-05	0	0	0	0.0010625	Fun
FUNasv316	0.000189719	0.000280519	0	7.25E-05	0	0	0	3.58E-05	0.007231725	Fun
FUNasv317	0	0	0	4.84E-05	7.56E-05	0.00010054	0.000584112	0	0.01010815	Fun
FUNasv319	8.99E-05	9.76E-05	0.000207117	0.000145054	0	0	0	0	0.006745888	Fun
FUNasv321	0.000329512	0	0	0	0	0	0	0	0.0041189	Fun
FUNasv322	0	0.000195143	0	0	0	0	0	0	0.002439288	Fun
FUNasv324	0	0	0	0.000120878	4.72E-05	7.82E-05	0	4.77E-05	0.003674725	Fun
FUNasv325	0	0	0	0.00010879	0.000113363	0.000513869	0.000419037	0	0.014438238	Fun
FUNasv327	6.99E-05	0	0.000414233	0	0.000396769	0	0.000152377	8.35E-05	0.013959738	Fun
FUNasv328	0.000139793	6.10E-05	0.000207117	4.84E-05	0	0	0	0	0.005703875	Fun
FUNasv329	0	0	0	0	0.000925795	0	0	0	0.011572438	Fun
FUNasv330	0.000289571	0.000597627	5.52E-05	4.84E-05	0.000538472	0.000145224	0	0	0.020931175	Fun
FUNasv332	0	0	0.000110462	0	0	0	0	0	0.001380775	Fun
FUNasv334	0.000389424	0	0.000538503	0.00038681	9.45E-05	0	5.08E-05	9.54E-05	0.019442963	Fun
FUNasv335	0	0	0	0.00010879	0	0	0	0	0.001359875	Fun
FUNasv336	0.000179734	0	0	0.000157141	0	0	0	0	0.004210938	Fun
FUNasv338	0	0.00017075	0	0	0	0	0	0	0.002134375	Fun
FUNasv339	6.99E-05	0.000109768	0	8.46E-05	0	0	0	0	0.00330335	Fun
FUNasv340	0	0	0	6.04E-05	0.000529026	0.000111711	0	0.000321927	0.0127883	Fun
FUNasv342	4.99E-05	0	8.28E-05	0	6.61E-05	0	6.35E-05	0.000166925	0.005365313	Fun
FUNasv345	6.99E-05	8.54E-05	0	0	0	0	0	0	0.00194125	Fun
FUNasv346	6.99E-05	0.000158554	0.000193309	0.000169229	0	0	0	0	0.0073874	Fun
FUNasv347	0	0	0.000220924	0.00038681	0	0.000111711	0.00033015	0	0.013119938	Fun
FUNasv348	4.99E-05	0	6.90E-05	0.000132966	0	0	6.35E-05	0	0.003942075	Fun
FUNasv349	0	0.000158554	0.000179501	0	0	0	0	0	0.004225688	Fun
FUNasv350	0	0	0	3.63E-05	0	0	0	0	0.00045375	Fun
FUNasv351	3.99E-05	0	2.76E-05	0	0.000245619	0	0	8.35E-05	0.004957738	Fun
FUNasv353	0.000269601	2.44E-05	0.000386618	0	0	0	0	0	0.008507738	Fun
FUNasv354	9.99E-05	0	0	0	0	0	0	0	0.00124875	Fun
FUNasv355	3.99E-05	0.000329304	0.000345194	0.000350546	0	0	0	0	0.0133118	Fun
FUNasv357	3.00E-05	4.88E-05	0	3.63E-05	0	0	0	0	0.00143875	Fun
FUNasv358	0	6.10E-05	4.14E-05	7.25E-05	0.000179491	5.59E-05	0	0	0.005128638	Fun
FUNasv359	0.00020969	0	0	0	0	0.000346303	0	0	0.006949913	Fun
FUNasv360	0	6.10E-05	0	0.000157141	0	0	0	0	0.002726763	Fun
FUNasv361	0	0	0	6.04E-05	0.000349535	0.000111711	0	0.000274234	0.0099485	Fun
FUNasv362	8.99E-05	0	0	6.04E-05	0.000179491	0	0.000215868	0	0.006820738	Fun
FUNasv363	0	0.000158554	0	0	0	0	0	0	0.001981925	Fun
FUNasv364	0	0	0	0	0.000217278	0.000189908	0.000139679	0	0.006835813	Fun
FUNasv365	0.000419379	6.10E-05	0.000289963	0	0	0	0	0	0.009629275	Fun
FUNasv366	0	0	0	0	0	0	0	0.000846548	0.01058185	Fun
FUNasv367	6.99E-05	0	0	0	0	0	0	0	0.00087375	Fun
FUNasv368	3.99E-05	0	5.52E-05	7.25E-05	0	8.94E-05	0	4.77E-05	0.00380875	Fun
FUNasv369	0	9.76E-05	0	0	0	0	0	0	0.00122	Fun
FUNasv370	6.99E-05	0	0	6.04E-05	0.000132256	0.000167566	5.08E-05	0	0.006011525	Fun
FUNasv371	0	6.10E-05	0	0	0.000245619	0.000357474	7.62E-05	0	0.009253663	Fun
FUNasv372	0	0	0	0	4.72E-05	0	8.89E-05	2.38E-05	0.00199875	Fun
FUNasv375	0.000119823	0.000121965	0	0	0	0	0	0	0.00302235	Fun
FUNasv378	0.000129808	0	6.90E-05	0.000132966	0.000595154	0	0	0	0.0115866	Fun
FUNasv379	0	0	0	0	0.000103916	0	2.54E-05	0	0.00161645	Fun
FUNasv381	0.000159764	0	0	9.67E-05	0	0	0	0	0.0032058	Fun
FUNasv382	6.99E-05	8.54E-05	0	0	0	0	0	0	0.00194125	Fun
FUNasv388	0.000139793	0	0	0	0	0	0	0	0.001747413	Fun
FUNasv389	2.00E-05	0	0	0	0	0	0	0	0.00025	Fun
FUNasv392	0.000109837	0	0	0	0	0	0	0	0.001372963	Fun
FUNasv393	5.99E-05	0	0	0	0	0	0	0	0.00074875	Fun
FUNasv394	0	0	0	0	0.000538472	0	0	0	0.0067309	Fun
FUNasv396	0	7.32E-05	0	0	0	0	0	0	0.000915	Fun
FUNasv399	4.99E-05	0	0	0	0	0	0	0	0.00062375	Fun
FUNasv400	0	0.000134161	0	0	0	0	0	0	0.001677013	Fun
FUNasv402	0.000119823	4.88E-05	0	9.67E-05	0.000132256	0	0.000114283	4.77E-05	0.006994525	Fun
FUNasv403	0	0	0	0	0.000245619	0	0	0	0.003070238	Fun
FUNasv406	4.99E-05	0	5.52E-05	0	0.000188938	8.94E-05	0	0.000166925	0.006879538	Fun
FUNasv409	0	0	0	0	0	0	7.62E-05	0	0.0009525	Fun
FUNasv413	0	0	0	0	0	0.000357474	0.000177773	0	0.006690588	Fun
FUNasv417	6.99E-05	0	0	0	0	0	0	0	0.00087375	Fun
FUNasv418	0	0	0	0	0.00015115	0	0	0.00033385	0.0060625	Fun
FUNasv419	0	0	0	0	0.00012281	5.59E-05	0.000253962	0	0.0054084	Fun
FUNasv421	8.99E-05	0	0	0.00027802	0	0	0	0	0.004599	Fun
FUNasv422	4.99E-05	0	6.90E-05	0	0	0	0	0	0.00148625	Fun
FUNasv424	7.99E-05	0	0	7.25E-05	0	0	0	0	0.001905	Fun
FUNasv425	4.99E-05	0	0	0	0	0	0	0	0.00062375	Fun
FUNasv426	3.99E-05	0	0	4.84E-05	0	0	0	0	0.00110375	Fun
FUNasv427	3.99E-05	0	0.000138078	0	0.000160597	6.70E-05	0	0.000143079	0.006858175	Fun
FUNasv431	0.000399409	0	0	0	0	0	0	0	0.004992613	Fun
FUNasv432	5.99E-05	0	0.000110462	0.000120878	0	0	0	0	0.0036405	Fun
FUNasv434	9.99E-05	0	5.52E-05	0	0	0	0	0	0.00193875	Fun
FUNasv435	0	0.000365894	0	0	0.000141703	0	0	9.54E-05	0.007537463	Fun
FUNasv436	0	0.000182947	0	0	0	0	0	0	0.002286838	Fun
FUNasv437	0	0	0	0	0	0.00010054	0.000304754	0.000143079	0.006854663	Fun
FUNasv438	0	0	0	0	0	0	0	0.000453082	0.005663525	Fun
FUNasv443	0	0	0	0	0	7.82E-05	0	0	0.0009775	Fun
FUNasv445	0	8.54E-05	0	0	0	0	0	0.00029808	0.0047935	Fun
FUNasv446	0	0	0	6.04E-05	0	0	0	0	0.000755	Fun
FUNasv451	0.000139793	0	0	0	0	0	0	0	0.001747413	Fun
FUNasv452	5.99E-05	0	0	0	0	0	0	0	0.00074875	Fun
FUNasv453	4.99E-05	0	0	7.25E-05	7.56E-05	0	0	0.000131155	0.004114438	Fun
FUNasv454	0	8.54E-05	0.000110462	0.000157141	3.78E-05	0	2.54E-05	0	0.005202538	Fun
FUNasv459	0.000139793	2.44E-05	0	0	0	0	0	0	0.002052413	Fun
FUNasv460	3.99E-05	0	0	0	0	0	0	0	0.00049875	Fun
FUNasv461	0	0	0.000138078	8.46E-05	0	0	0	0	0.002783475	Fun
FUNasv463	0	0	0.000220924	0.000169229	0	0	0	0	0.004876913	Fun
FUNasv467	3.99E-05	0	0.000165693	8.46E-05	0	0	0	0	0.003627413	Fun
FUNasv468	0	7.32E-05	0	0.000145054	0	0	0	0	0.002728175	Fun
FUNasv469	0	0	0	0	0	0.000268105	0	5.96E-05	0.004096313	Fun
FUNasv470	2.00E-05	0	0	0	0	0	0	0	0.00025	Fun
FUNasv473	0.000199704	0.000109768	0	0.000132966	0	0	0	0	0.005530475	Fun
FUNasv474	0	0	0	9.67E-05	0	0	0	0.000238464	0.00418955	Fun
FUNasv476	0	4.88E-05	0	0	0	0	0	0	0.00061	Fun
FUNasv477	0	0	0	0	0.000255066	0	0	0	0.003188325	Fun
FUNasv478	0	0.000109768	0	8.46E-05	0	0	0	0	0.0024296	Fun
FUNasv483	0.000109837	0	0	0	0	0	0	0	0.001372963	Fun
FUNasv484	0	6.10E-05	0	0	0	0	0	0	0.0007625	Fun
FUNasv485	0	0	0	0	0.000141703	0.000122882	0.000190471	0	0.0056882	Fun
FUNasv491	5.99E-05	0	0	0	0	0	3.81E-05	9.54E-05	0.0024175	Fun
FUNasv494	0	0	0	8.46E-05	0	0	0	0	0.0010575	Fun
FUNasv496	0.000109837	0	0	0	0	0	0	0	0.001372963	Fun
FUNasv497	0	0.000121965	0	2.42E-05	0	0	0	5.96E-05	0.002572063	Fun
FUNasv500	3.00E-05	0	0	0	0	0	0	0	0.000375	Fun
FUNasv501	0	0	0	0	0.00012281	0	8.89E-05	0	0.002646375	Fun
FUNasv502	4.99E-05	7.32E-05	0	0	0	0	0	0	0.00153875	Fun
FUNasv507	0	0	2.76E-05	9.67E-05	0	0	0	0	0.00155375	Fun
FUNasv508	0	0	0	0	0	0	0.000279358	0	0.003491975	Fun
FUNasv510	0	0	5.52E-05	0	0	0	0	0	0.00069	Fun
FUNasv512	6.99E-05	0	0	0	0	0	0	0	0.00087375	Fun
FUNasv513	3.99E-05	0	0	0	0	5.59E-05	0	0	0.0011975	Fun
FUNasv514	0	0	0	0	0.000103916	0	0	0.000119232	0.00278935	Fun
FUNasv515	0	0	0	0	9.45E-05	6.70E-05	0.000101585	0	0.003288563	Fun
FUNasv516	0	0	0	0	0	8.94E-05	0	0.000155002	0.003055025	Fun
FUNasv518	2.00E-05	0	0	0	0	0	0	0	0.00025	Fun
FUNasv519	0	7.32E-05	0	8.46E-05	0	0	0	0	0.0019725	Fun
FUNasv520	0	4.88E-05	0	3.63E-05	0	0	0	0	0.00106375	Fun
FUNasv521	0	2.44E-05	0	0	0	0	0	0	0.000305	Fun
FUNasv528	4.99E-05	0	0	0	0	0	0	0	0.00062375	Fun
FUNasv529	0	0	0.000262348	0	0	0	0	0	0.00327935	Fun
FUNasv530	0	0	0	2.42E-05	0	0	0	0	0.0003025	Fun
FUNasv538	6.99E-05	0	0	0	0	0	0	0	0.00087375	Fun
FUNasv539	2.00E-05	0	0	0	0	0	0	0	0.00025	Fun
FUNasv540	0	0.000219536	0	0	0	0	0	0	0.0027442	Fun
FUNasv541	0	0	0.000138078	0	7.56E-05	0	0	0	0.002670975	Fun
FUNasv543	0	4.88E-05	0	0	0	0	0	0	0.00061	Fun
FUNasv544	0	0	0	0	5.67E-05	5.59E-05	3.81E-05	0	0.00188375	Fun
FUNasv550	0	0	0	0	0	4.47E-05	0	0	0.00055875	Fun
FUNasv556	4.99E-05	0.000121965	0	0	0	0	0	0	0.002148313	Fun
FUNasv557	2.00E-05	0	0	0	0	0	0	0	0.00025	Fun
FUNasv558	0	6.10E-05	0	3.63E-05	0	0	0	0	0.00121625	Fun
FUNasv562	0	0	6.90E-05	0	0	0	0	0	0.0008625	Fun
FUNasv564	5.99E-05	0	0	0	0	0	0	0	0.00074875	Fun
FUNasv565	3.99E-05	0	0	7.25E-05	0	0	0	0	0.001405	Fun
FUNasv566	3.99E-05	0	0	0	0	0	0	0	0.00049875	Fun
FUNasv567	0	0	0	7.25E-05	0	0	0	0	0.00090625	Fun
FUNasv568	0	0	0	0	0.000132256	0	0	0	0.0016532	Fun
FUNasv569	0	0	0	0	0	0.000156395	0	0	0.001954938	Fun
FUNasv570	2.00E-05	0	0	0	0	0	0	0	0.00025	Fun
FUNasv573	2.00E-05	0	0	0	0	0	0	0	0.00025	Fun
FUNasv579	0.000129808	0	0	0	0	0	0	0	0.0016226	Fun
FUNasv580	7.99E-05	0	6.90E-05	0	0	0	0	0	0.00186125	Fun
FUNasv581	0	0	0	0	0	0	3.81E-05	0	0.00047625	Fun
FUNasv582	0	0	0	0	0	0	0	0.000155002	0.001937525	Fun
FUNasv584	0.000119823	0	9.67E-05	0	0	0	0	0	0.002706538	Fun
FUNasv585	5.99E-05	0	0	0	0	0	0	0	0.00074875	Fun
FUNasv586	0	0	9.67E-05	0	0	0	0	0	0.00120875	Fun
FUNasv587	0	0	0	0.000145054	0	0	0	0	0.001813175	Fun
FUNasv588	0	0	0	0	0	8.94E-05	0	0	0.0011175	Fun
FUNasv595	0	0	0	4.84E-05	0	0	0	0	0.000605	Fun
FUNasv599	0	0	0	0	0	0	0	5.96E-05	0.000745	Fun
FUNasv601	6.99E-05	0	0	0	0	0	0	0	0.00087375	Fun
FUNasv602	0	4.88E-05	0	0	0	0	0	0	0.00061	Fun
FUNasv603	0	0	0	6.04E-05	0	0	0	0	0.000755	Fun
FUNasv604	0	0	0	4.84E-05	0	0	0	0	0.000605	Fun
FUNasv605	0	0	0	0	0	0	0	4.77E-05	0.00059625	Fun
FUNasv610	0	0	0.00012427	0	0	0	0	0	0.001553375	Fun
FUNasv616	0	0	5.52E-05	7.25E-05	0	0	0	0	0.00159625	Fun
FUNasv617	0	0	0	0	2.83E-05	0	0	0	0.00035375	Fun
FUNasv624	3.00E-05	0	0	0	0	0	0	0	0.000375	Fun
FUNasv625	0	0	4.14E-05	0	0	0	0	0	0.0005175	Fun
FUNasv626	0	0	0	3.63E-05	0	0	0	0	0.00045375	Fun
FUNasv627	0	0	0	2.42E-05	0	0	0	2.38E-05	0.0006	Fun
FUNasv628	0	0	0	0	8.50E-05	0	0	0	0.0010625	Fun
FUNasv629	0	0	0	0	8.50E-05	0	0	0	0.0010625	Fun
FUNasv630	0	0	0	0	1.89E-05	0	3.81E-05	0	0.0007125	Fun
FUNasv634	0	0	4.14E-05	0	0	0	0	0	0.0005175	Fun
FUNasv642	7.99E-05	0	0	0	0	0	0	0	0.00099875	Fun
FUNasv643	0	0	5.52E-05	4.84E-05	0	0	0	0	0.001295	Fun
FUNasv644	0	0	0	0	7.56E-05	0	0	0	0.000945	Fun
FUNasv645	0	0	0	0	7.56E-05	0	0	0	0.000945	Fun
FUNasv646	0	0	0	0	0	8.94E-05	0	0	0.0011175	Fun
FUNasv647	0	0	0	0	0	8.94E-05	0	0	0.0011175	Fun
FUNasv648	0	0	0	0	0	0	0.000101585	0	0.001269813	Fun
FUNasv649	0	0	0	0	0	0	6.35E-05	0	0.00079375	Fun
FUNasv652	0	0	0	0	4.72E-05	0	0	0	0.00059	Fun
FUNasv663	0	0	0	0	0	0	0	8.35E-05	0.00104375	Fun
FUNasv666	0	0	9.67E-05	0	0	0	0	0	0.00120875	Fun
FUNasv667	0	0	0	0	6.61E-05	0	0	0	0.00082625	Fun
FUNasv668	0	0	0	0	6.61E-05	0	0	0	0.00082625	Fun
FUNasv672	0	0	0	0	3.78E-05	0	0	0	0.0004725	Fun
FUNasv685	0	0	0	7.25E-05	0	0	0	0	0.00090625	Fun
FUNasv686	0	0	0	2.42E-05	5.67E-05	0	0	0	0.00101125	Fun
FUNasv687	0	0	0	0	0	6.70E-05	0	0	0.0008375	Fun
FUNasv700	4.99E-05	0	0	0	0	0	0	0	0.00062375	Fun
FUNasv701	0	6.10E-05	0	0	0	0	0	0	0.0007625	Fun
FUNasv702	0	6.10E-05	0	0	0	0	0	0	0.0007625	Fun
FUNasv703	0	0	6.90E-05	0	0	0	0	0	0.0008625	Fun
FUNasv704	0	0	0	0	0	5.59E-05	0	0	0.00069875	Fun
FUNasv705	0	0	0	0	0	5.59E-05	0	0	0.00069875	Fun
FUNasv706	0	0	0	0	0	0	6.35E-05	0	0.00079375	Fun
FUNasv707	0	0	0	0	1.89E-05	0	0	5.96E-05	0.00098125	Fun
FUNasv715	3.00E-05	0	0	0	0	0	0	0	0.000375	Fun
FUNasv725	3.99E-05	0	0	0	0	0	0	0	0.00049875	Fun
FUNasv726	0	0	0	0	3.78E-05	0	0	0	0.0004725	Fun
FUNasv727	0	0	0	0	0	4.47E-05	0	0	0.00055875	Fun
FUNasv728	0	0	0	0	0	4.47E-05	0	0	0.00055875	Fun
FUNasv729	0	0	0	0	0	0	5.08E-05	0	0.000635	Fun
FUNasv730	0	0	0	0	0	0	5.08E-05	0	0.000635	Fun
FUNasv731	0	0	0	0	0	0	5.08E-05	0	0.000635	Fun
FUNasv732	0	0	0	0	0	0	0	4.77E-05	0.00059625	Fun
FUNasv756	3.00E-05	0	0	0	0	0	0	0	0.000375	Fun
FUNasv757	0	0	0	3.63E-05	0	0	0	0	0.00045375	Fun
FUNasv758	0	0	0	3.63E-05	0	0	0	0	0.00045375	Fun
FUNasv759	0	0	0	0	2.83E-05	0	0	0	0.00035375	Fun
FUNasv760	2.00E-05	0	0	0	0	3.35E-05	0	0	0.00066875	Fun
FUNasv761	0	0	0	0	0	3.35E-05	0	0	0.00041875	Fun
FUNasv762	0	0	0	0	0	3.35E-05	0	0	0.00041875	Fun
FUNasv763	0	0	0	0	0	0	3.81E-05	0	0.00047625	Fun
FUNasv764	0	0	0	0	0	0	0	3.58E-05	0.0004475	Fun
FUNasv777	0	2.44E-05	0	0	0	0	0	0	0.000305	Fun
FUNasv778	0	2.44E-05	0	0	0	0	0	0	0.000305	Fun
FUNasv779	0	2.44E-05	0	0	0	0	0	0	0.000305	Fun
FUNasv780	0	0	0	0	0	0	0	2.38E-05	0.0002975	Fun
FUNasv781	0	0	0	0	0	0	0	2.38E-05	0.0002975	Fun
ProASV1	0	0	0	0	0	0	0.001176471	0	0.014705888	Pro
ProASV2	0.008235294	0	0	0	0	0	0.001176471	0.002352941	0.147058825	Pro
ProASV3	0	0	0	0	0	0.000588235	0	0	0.007352938	Pro
ProASV4	0	0	0	0	0	0	0	0.002352941	0.029411763	Pro
ProASV14	0	0	0	0	0	0	0.005882353	0	0.073529413	Pro
ProASV17	0	0	0.000588235	0	0	0	0	0	0.007352938	Pro
ProASV18	0	0.001764706	0	0	0	0	0	0.001764706	0.04411765	Pro
ProASV22	0.01	0	0.001764706	0	0	0.001176471	0.007058824	0.001176471	0.2647059	Pro
ProASV23	0	0.000588235	0	0	0	0	0	0	0.007352938	Pro
ProASV25	0	0	0	0	0	0	0.001176471	0	0.014705888	Pro
ProASV26	0.018235294	0.002941176	0.000588235	0.001764706	0	0.008823529	0.001764706	0.011764706	0.5735294	Pro
ProASV30	0	0.002352941	0	0	0	0	0	0	0.029411763	Pro
ProASV32	0	0	0.002941176	0	0	0	0.001764706	0	0.058823525	Pro
ProASV33	0	0	0	0	0	0.003529412	0	0	0.04411765	Pro
ProASV34	0	0	0	0	0	0.007647059	0	0.001764706	0.117647063	Pro
ProASV35	0.000588235	0	0	0	0	0.002352941	0	0.001764706	0.058823525	Pro
ProASV38	0	0	0	0	0	0	0.001176471	0.001764706	0.036764713	Pro
ProASV39	0.067058824	0.011176471	0.037647059	0.038823529	0	0	0.062941176	0.032352941	3.125	Pro
ProASV40	0	0.010588235	0	0	0	0	0.000588235	0.004705882	0.1985294	Pro
ProASV41	0.052941176	0.008823529	0.013529412	0.033529412	0	0.002941176	0.011764706	0.016470588	1.749999988	Pro
ProASV43	0	0	0	0	0	0	0	0.01	0.125	Pro
ProASV45	0	0.02	0	0.008823529	0	0.001176471	0.003529412	0.021764706	0.691176475	Pro
ProASV46	0	0.006470588	0	0	0	0	0	0	0.08088235	Pro
ProASV47	0	0	0	0.017647059	0	0.002941176	0	0.010588235	0.389705875	Pro
ProASV48	0	0.035882353	0	0.002352941	0	0	0.002352941	0.005294118	0.573529413	Pro
ProASV50	0	0	0	0.001176471	0	0.002352941	0	0.001176471	0.058823538	Pro
ProASV56	0	0	0	0	0	0	0.000588235	0	0.007352938	Pro
ProASV60	0	0.001764706	0	0.001176471	0	0	0	0	0.036764713	Pro
ProASV61	0	0	0	0	0	0.001176471	0	0	0.014705888	Pro
ProASV62	0.002352941	0	0	0.001764706	0	0	0	0	0.051470588	Pro
ProASV63	0	0.010588235	0.000588235	0	0	0	0.003529412	0.011176471	0.323529413	Pro
ProASV65	0	0	0.001176471	0	0	0	0	0	0.014705888	Pro
ProASV67	0	0	0.002941176	0	0	0	0	0.004117647	0.088235288	Pro
ProASV72	0	0	0	0	0	0.002352941	0	0.003529412	0.073529413	Pro
ProASV77	0	0	0	0	0	0.001764706	0	0	0.022058825	Pro
ProASV79	0	0	0	0.001764706	0	0	0	0.001176471	0.036764713	Pro
ProASV85	0	0	0.000588235	0	0	0	0	0	0.007352938	Pro
ProASV87	0	0	0.000588235	0.005294118	0	0	0	0	0.073529413	Pro
ProASV89	0	0	0	0.007647059	0	0	0	0	0.095588238	Pro
ProASV90	0.000588235	0.001764706	0.002941176	0.012352941	0	0.005294118	0.006470588	0.010588235	0.499999988	Pro
ProASV91	0.042941176	0.050588235	0.017058824	0.011176471	0	0.038823529	0.097058824	0.114117647	4.647058825	Pro
ProASV92	0	0	0	0.004117647	0	0.002941176	0	0	0.088235288	Pro
ProASV93	0.003529412	0	0.000588235	0	0	0	0.001764706	0.000588235	0.08088235	Pro
ProASV94	0	0	0	0	0	0	0	0.000588235	0.007352938	Pro
ProASV95	0	0.009411765	0.002941176	0.000588235	0	0.001176471	0.003529412	0.002941176	0.257352938	Pro
ProASV97	0	0.041176471	0.020588235	0.000588235	0	0.002352941	0.034117647	0.025882353	1.558823525	Pro
ProASV101	0	0	0.011764706	0.011176471	0	0.013529412	0.002941176	0.005882353	0.566176475	Pro
ProASV104	0	0	0.001764706	0	0	0.002352941	0	0.001176471	0.066176475	Pro
ProASV105	0	0	0	0	0	0	0.001176471	0	0.014705888	Pro
ProASV107	0.001764706	0.001176471	0.017647059	0.012941176	0	0.047647059	0.016470588	0.051764706	1.867647063	Pro
ProASV108	0	0	0	0.003529412	0	0	0	0.001176471	0.058823538	Pro
ProASV109	0	0	0.01	0	0	0.001764706	0.001176471	0.002941176	0.198529413	Pro
ProASV110	0.006470588	0	0.002941176	0.002941176	0	0.011764706	0	0.002941176	0.338235275	Pro
ProASV111	0.012941176	0.008823529	0.041764706	0.007647059	0	0.028235294	0.062352941	0.007058824	2.110294113	Pro
ProASV112	0	0.001176471	0	0	0	0.000588235	0	0.004705882	0.08088235	Pro
ProASV115	0.140588235	0.128823529	0.509411765	0.189411765	0	0.325294118	0.097058824	0.100588235	18.63970589	Pro
ProASV118	0.005294118	0.001176471	0.001176471	0	0	0	0	0.000588235	0.102941188	Pro
ProASV119	0	0	0	0	0	0	0	0.001764706	0.022058825	Pro
ProASV121	0	0	0	0.000588235	0	0	0	0.000588235	0.014705875	Pro
ProASV130	0.000588235	0	0.001176471	0.004117647	0	0	0.000588235	0.001176471	0.095588238	Pro
ProASV132	0	0	0	0.001176471	0	0	0	0	0.014705888	Pro
ProASV133	0	0	0	0.000588235	0	0	0	0	0.007352938	Pro
ProASV136	0.015882353	0.002941176	0	0.002352941	0	0	0	0	0.264705875	Pro
ProASV137	0.009411765	0.005882353	0.054117647	0.000588235	0	0.007647059	0	0.001176471	0.985294125	Pro
ProASV139	0	0	0	0	0	0	0.001176471	0	0.014705888	Pro
ProASV143	0.004117647	0	0	0	0	0	0.000588235	0.000588235	0.066176463	Pro
ProASV144	0.000588235	0.019411765	0.001176471	0.014705882	0	0.001176471	0	0.003529412	0.50735295	Pro
ProASV147	0	0	0	0	0	0	0	0.000588235	0.007352938	Pro
ProASV149	0	0	0	0	0	0	0.000588235	0	0.007352938	Pro
ProASV155	0	0	0.000588235	0	0	0	0	0.001764706	0.029411763	Pro
ProASV156	0	0	0	0	0	0	0.000588235	0	0.007352938	Pro
ProASV159	0	0	0.000588235	0	0	0	0	0	0.007352938	Pro
ProASV162	0	0	0	0.000588235	0	0	0.001764706	0	0.029411763	Pro
ProASV164	0.033529412	0.005294118	0.036470588	0.065294118	0	0.058823529	0.107058824	0.096470588	5.036764713	Pro
ProASV165	0.071764706	0.204117647	0.04	0.056470588	0	0.044117647	0.075882353	0.100588235	7.4117647	Pro
ProASV168	0	0	0.005294118	0.002352941	0	0.020588235	0.001764706	0.010588235	0.507352938	Pro
ProASV169	0	0	0.000588235	0.003529412	0	0.094117647	0	0	1.227941175	Pro
ProASV182	0	0.007058824	0.001176471	0	0	0.008235294	0.002941176	0.007647059	0.3382353	Pro
ProASV187	0	0	0	0	0	0.007058824	0	0.000588235	0.095588238	Pro
ProASV188	0	0	0	0	0	0.001764706	0	0	0.022058825	Pro
ProASV190	0	0	0	0	0	0.000588235	0	0.001764706	0.029411763	Pro
ProASV191	0	0	0.000588235	0.000588235	0	0	0	0	0.014705875	Pro
ProASV192	0.102941176	0.008823529	0.02	0.019411765	0	0.009411765	0.013529412	0.005294118	2.242647063	Pro
ProASV193	0	0	0	0	0	0.001176471	0	0	0.014705888	Pro
ProASV194	0	0	0.000588235	0	0	0	0.006470588	0.005882353	0.1617647	Pro
ProASV195	0	0	0	0	0	0	0	0.001176471	0.014705888	Pro
ProASV199	0	0	0	0.004705882	0	0.007647059	0.004705882	0.005294118	0.279411763	Pro
ProASV206	0.000588235	0	0	0.002941176	0	0.004705882	0	0.005294118	0.169117638	Pro
ProASV209	0.002352941	0	0	0	0	0	0	0.001176471	0.04411765	Pro
ProASV210	0.007058824	0.005882353	0.004705882	0.004117647	0	0.007647059	0	0.003529412	0.411764713	Pro
ProASV213	0	0.010588235	0.001764706	0.008823529	0	0.000588235	0.000588235	0	0.27941175	Pro
ProASV215	0.003529412	0.002352941	0.002941176	0.003529412	0	0.004117647	0.002941176	0	0.24264705	Pro
ProASV216	0.007058824	0.016470588	0.007647059	0.02	0	0.026470588	0.006470588	0.002352941	1.08088235	Pro
ProASV219	0	0	0	0	0	0	0	0.000588235	0.007352938	Pro
ProASV221	0.01	0	0	0.008235294	0	0.002941176	0.003529412	0.002941176	0.345588225	Pro
ProASV223	0.006470588	0	0	0.002941176	0	0.005294118	0	0	0.183823525	Pro
ProASV225	0	0	0	0	0	0	0.000588235	0	0.007352938	Pro
ProASV226	0	0	0	0.000588235	0	0.000588235	0	0	0.014705875	Pro
ProASV227	0	0	0	0.004117647	0	0.002941176	0.001764706	0.002941176	0.147058813	Pro
ProASV228	0.012941176	0.041764706	0.013529412	0.035294118	0	0.01	0.027058824	0.014117647	1.933823538	Pro
ProASV232	0	0	0	0.001176471	0	0	0	0.004705882	0.073529413	Pro
ProASV233	0.015294118	0.078823529	0.011764706	0.034705882	0	0.017647059	0.031176471	0.017647059	2.5882353	Pro
ProASV234	0	0	0	0	0	0.000588235	0	0	0.007352938	Pro
ProASV235	0.006470588	0.001764706	0.002941176	0.011176471	0	0.008235294	0.000588235	0.002941176	0.426470575	Pro
ProASV237	0	0.001764706	0	0	0	0	0	0	0.022058825	Pro
ProASV238	0	0.015882353	0.001764706	0.001176471	0	0	0.002352941	0	0.264705888	Pro
ProASV239	0.002941176	0.004705882	0.000588235	0.002941176	0	0.002941176	0.029411765	0.008235294	0.6470588	Pro
ProASV242	0.077647059	0.062941176	0.017647059	0.070588235	0	0.030588235	0.045882353	0.052941176	4.477941163	Pro
ProASV243	0.053529412	0.022352941	0.030588235	0.071176471	0	0.028235294	0.132352941	0.079411765	5.220588238	Pro
ProASV244	0	0	0.000588235	0.002352941	0	0.000588235	0.001176471	0	0.058823525	Pro
ProASV245	0	0.011176471	0	0	0	0	0	0	0.139705888	Pro
ProASV246	0.021176471	0.029411765	0.013529412	0.042941176	0	0.025882353	0.03	0.018823529	2.272058825	Pro
ProASV247	0.004705882	0.005294118	0.000588235	0.014117647	0	0.002941176	0	0.002352941	0.374999988	Pro
ProASV248	0.066470588	0.030588235	0.014705882	0.055882353	0	0.009411765	0.032352941	0.048235294	3.220588225	Pro
ProASV250	0.004117647	0	0	0	0	0	0.001176471	0	0.066176475	Pro
ProASV251	0	0	0	0	0	0	0	0.000588235	0.007352938	Pro
ProASV252	0.017647059	0	0	0	0	0	0.002352941	0	0.25	Pro
ProASV253	0.067647059	0.047647059	0.008235294	0.037647059	0	0.023529412	0	0.004117647	2.360294125	Pro
ProASV254	0	0	0.000588235	0.008235294	0	0	0	0	0.110294113	Pro
ProASV256	0	0	0	0	0	0.001176471	0	0	0.014705888	Pro
ProASV257	0	0	0	0	0.026470588	0	0	0	0.33088235	Pro
ProASV258	0	0	0	0	0.002352941	0	0	0	0.029411763	Pro
ProASV259	0	0	0	0	0.971176471	0	0	0	12.13970589	Pro
Rhabditis	0.024096386	0.11627907	0	0	0.04	0.083333333	0.020408163	0.040816327	4.061665988	Nem
Mesorhabditis	0.240963855	0.162790698	0.272727273	0.273809524	0.22	0.197916667	0.214285714	0.224489796	22.58729409	Nem
Cephalobus	0.024096386	0.023255814	0.022727273	0.047619048	0.03	0.052083333	0.071428571	0.081632653	4.410538475	Nem
Heterocephalobus	0.024096386	0.034883721	0.034090909	0	0.02	0.041666667	0.051020408	0	2.571976138	Nem
Acrobeloides	0.168674699	0.209302326	0.181818182	0.261904762	0.14	0.177083333	0.193877551	0.224489796	19.46438311	Nem
Ceratoplectus	0.024096386	0.058139535	0.034090909	0.035714286	0.01	0.072916667	0.051020408	0.030612245	3.95738045	Nem
Prismatolaimus	0	0	0.045454545	0.023809524	0.01	0	0.051020408	0.081632653	2.648964125	Nem
Rhabdolaimus	0.048192771	0.011627907	0.011363636	0	0.11	0	0.010204082	0	2.39235495	Nem
Alaimus	0	0	0	0	0.01	0	0	0	0.125	Nem
Paramphidelus	0.024096386	0	0	0	0.05	0	0	0	0.926204825	Nem
Filenchus	0.024096386	0	0.022727273	0.023809524	0.04	0	0.030612245	0.040816327	2.275771938	Nem
Ditylenchus	0	0.023255814	0.022727273	0.035714286	0	0.020833333	0.030612245	0.040816327	2.174490975	Nem
Aphelenchus	0.156626506	0.162790698	0.147727273	0.130952381	0.15	0.135416667	0.112244898	0.102040816	13.72249049	Nem
Paraphelenchus	0	0.011627907	0	0.023809524	0	0.03125	0	0.010204082	0.961143913	Nem
Aphelenchoides	0	0	0.056818182	0	0.01	0	0.020408163	0	1.090329313	Nem
Tylencholaimus	0	0.034883721	0	0	0	0.03125	0	0	0.826671513	Nem
Klarkus	0.024096386	0	0.011363636	0.023809524	0.02	0	0.010204082	0.020408163	1.373522388	Nem
Prodorylaimus	0.13253012	0.023255814	0.022727273	0.023809524	0.04	0.020833333	0.040816327	0.020408163	4.054756925	Nem
Mesodorylaimus	0.024096386	0.011627907	0	0	0.05	0.010416667	0	0	1.201762	Nem
Thonus	0	0.069767442	0.090909091	0.047619048	0	0.052083333	0.06122449	0	4.02004255	Nem
Eudorylaimus	0	0.011627907	0	0	0	0.020833333	0	0	0.4057655	Nem
Epidorylaimus	0	0	0	0	0	0.010416667	0	0.040816327	0.640412425	Nem
Microdorylaimus	0.036144578	0.011627907	0	0	0.03	0	0	0	0.972156063	Nem
Aporcelaimellus	0.024096386	0.023255814	0.022727273	0.047619048	0.02	0.041666667	0.030612245	0.040816327	3.134922	Nem
