ASVID	Restore6_1	Restore6_2	Restore6_3	Restore6_4	Restore9_1	Restore9_2	Restore9_3	Restore9_4	Phylum	Abundance
BACasv1	0.001920898	0.001738802	0.002109224	0.00235304	0.07212455	0.078850204	0	0	Chloroflexi	0.01988709
BACasv3	0	0	0	0	0.013132811	0.010333292	0	0	Chloroflexi	0.002933263
BACasv4	0.003743289	0.001852202	0.006213659	0.004285894	0.07667867	0.060339487	0.00839079	0.013317191	Actinobacteria	0.021852648
BACasv6	0.00413732	0.008920809	0.021833314	0.01911845	0.021976276	0.02584562	0.021074541	0.015277297	Actinobacteria	0.017272953
BACasv7	0.001723883	0.0002646	0.000855091	0.002016891	0.005401398	0.023392393	0.003057109	0.002767209	Cyanobacteria	0.004934822
BACasv8	0	0	0	0	0.005560263	0.007434023	0	0	WPS-2	0.001624286
BACasv11	0	0	0	0	0.061427664	0.05491265	0	0	Actinobacteria	0.014542539
BACasv12	0	0	0	0	0.008049142	0.015512328	0	0	Actinobacteria	0.002945184
BACasv13	0	0	0	0	0.021764457	0.01598315	0	0	Chloroflexi	0.004718451
BACasv14	0.001674629	0.003515404	0.005073538	0.007605362	0.058197416	0.079519267	0.001300898	0.000864753	Chloroflexi	0.019718908
BACasv15	0	0	0	0	0	0.010060711	0	0	Actinobacteria	0.001257589
BACasv16	0.042358272	0.029181629	0.050621366	0.046598597	0	0.000569942	0.035969819	0.064856451	Proteobacteria	0.03376951
BACasv17	0.000837315	0.001965602	0.001710181	0.002269003	0.015303961	0.011126254	0	0.000634152	Chloroflexi	0.004230809
BACasv19	0	0.001171801	0.00028503	0.000630279	0.029442915	0.018064676	0.000975673	0	Chloroflexi	0.006321297
BACasv20	0	0	0	0	0.020758314	0.02254987	0	0	Chloroflexi	0.005413523
BACasv21	0.003743289	0.003250803	0.004047429	0.001974873	0.013397585	0.018634618	0.009821777	0.017698605	Acidobacteria	0.009071122
BACasv22	0	0	0	0	0.007890277	0.010481972	0	0	Actinobacteria	0.002296531
BACasv23	0	0	0	0	0.014191908	0.00954033	0	0	Acidobacteria	0.00296653
BACasv24	0	0	0	0	0.000423639	0	0.08462339	0	Cyanobacteria	0.010630879
BACasv25	0.004038812	0.001701002	0.001824193	0.002226984	0.020864224	0.019824061	0.015415637	0.009224029	Firmicutes	0.009389868
BACasv26	0.005713441	0.003666604	0.003705393	0.004327913	0.012073713	0.012241358	0.006764668	0.013259541	Actinobacteria	0.007719079
BACasv27	0.000837315	0	0	0.000714316	0.032884982	0.033577004	0.003837648	0.002133057	Actinobacteria	0.00924804
BACasv28	0	0	0	0	0.000476594	0.000867303	0	0	WPS-2	0.000167987
BACasv29	0.002708959	0.004120204	0.002679284	0.001344594	0.007996187	0.00956511	0.003902693	0.004669664	Chloroflexi	0.004623337
BACasv30	0	0	0	0	0.006990044	0.010506753	0	0	Acidobacteria	0.0021871
BACasv31	0	0	0	0	0.021552637	0.01613183	0	0	Chloroflexi	0.004710558
BACasv32	0.003940304	0.001965602	0.004446471	0.003907727	0.001853421	0	0.007675296	0.008301626	Chloroflexi	0.004011306
BACasv33	0.009407477	0.02003402	0.034887698	0.026891886	0.006142766	0.003717012	0.008911149	0.016545601	Acidobacteria	0.015817201
BACasv34	0	0	0	0	0	0	0.031026408	0.001787156	Cyanobacteria	0.004101696
BACasv35	0.015908979	0.013494613	0.016189716	0.009580234	0.007678458	0.008078305	0.010277091	0.013086591	Proteobacteria	0.011786748
BACasv36	0	0	0	0	0.007943232	0.005402057	0	0	Actinobacteria	0.001668161
BACasv37	0	0	0	0	0.003124338	0.002403667	0	0	Actinobacteria	0.000691001
BACasv38	0	0	0	0	0.00206524	0.001585925	0	0	Actinobacteria	0.000456396
BACasv39	0	0	0	0	0.003865706	0.003989592	0.000520359	0	Chloroflexi	0.001046957
BACasv40	0.000935822	0	0.001425151	0.001050464	0.009796653	0.005005576	0.00253675	0	Actinobacteria	0.002593802
BACasv41	0.069595626	0.111661312	0.070402463	0.108407916	0.000158865	0	0.001496032	0.003862562	Acidobacteria	0.045698097
BACasv42	0.000541792	0	0	0.000378167	0.007996187	0.007508363	0.000520359	0.000403551	Chloroflexi	0.002168552
BACasv44	0.01423435	0.012549613	0.020693193	0.014454389	0.000900233	0.001635485	0.005073501	0.008935778	Proteobacteria	0.009809568
BACasv45	0.003004482	0.001209601	0.003933417	0.003445523	0.007095954	0.006071119	0.000650449	0.001671855	Actinobacteria	0.0033853
BACasv46	0.000492538	0.001852202	0.003192338	0.003865709	0.001906376	0.004336513	0	0	Planctomycetes	0.00195571
BACasv47	0.00310299	0.006917407	0.008835937	0.009076012	0.005189578	0.006814521	0.016326265	0.011472386	Proteobacteria	0.008466887
BACasv48	0	0	0	0	0.010114383	0.00956511	0	0	Proteobacteria	0.002459937
BACasv49	0	0	0	0	0.002330015	0.002230207	0	0	Acidobacteria	0.000570028
BACasv50	0	0	0.001083115	0	0.008313917	0.009862471	0.003447379	0.005015566	Proteobacteria	0.003465306
BACasv51	0.015219426	0.01999622	0.010489112	0.008193622	0	0	0.014244829	0.013893693	Chloroflexi	0.010254613
BACasv52	0.004383589	0.012058212	0.000912097	0.000798353	0	0	0	0.000807103	Acidobacteria	0.002369919
BACasv53	0.025070187	0.016518617	0.017101813	0.010966847	0.002012286	0.003766572	0.012943931	0.012510089	Actinobacteria	0.012611293
BACasv54	0.002167167	0.001965602	0.004788508	0.006428842	0.011597119	0.014248544	0.002861975	0.000922403	Chloroflexi	0.00562252
BACasv55	0	0	0	0	0	0	0.001430987	0	Cyanobacteria	0.000178873
BACasv56	0	0	0	0	0.001588646	0.001313344	0.004553142	0	Proteobacteria	0.000931892
BACasv57	0.010392553	0.006917407	0.007011743	0.008193622	0	0	0.002731885	0.004900265	Nitrospirae	0.005018434
BACasv58	0	0	0.000912097	0.001260557	0.005401398	0.003816132	0	0	Chloroflexi	0.001423773
BACasv60	0	0	0.00057006	0.00058826	0.003759797	0.004311733	0	0	Chloroflexi	0.001153731
BACasv61	0	0	0	0	0.001853421	0.004410854	0	0	Acidobacteria	0.000783034
BACasv62	0	0	0	0	0	0	0.007870431	0.004554364	Actinobacteria	0.001553099
BACasv63	0.031670197	0.047401247	0.032379432	0.037900752	0	0	0.003707558	0.008301626	Acidobacteria	0.020170102
BACasv64	0.005417919	0.003591004	0.003477369	0.00235304	0	0	0.004748276	0.006918021	Actinobacteria	0.003313204
BACasv65	0	0	0	0	0.002118195	0.001462025	0	0	Proteobacteria	0.000447528
BACasv66	0	0	0	0	0	0.001189444	0	0	Chloroflexi	0.000148681
BACasv67	0	0	0.00028503	0.000420186	0.002753654	0.003989592	0.001496032	0	Chloroflexi	0.001118062
BACasv69	0	0	0	0	0.003336158	0.003419651	0	0	Actinobacteria	0.000844476
BACasv70	0.017632862	0.011529012	0.012997378	0.014160259	0.008419826	0.004138273	0.021464811	0.023348322	Actinobacteria	0.014211343
BACasv71	0	0	0	0	0.000529549	0.000916863	0	0	Chloroflexi	0.000180802
BACasv72	0.002265675	0.000869401	0.001596169	0.001848817	0.005242533	0.002800149	0.00292702	0.004784965	Actinobacteria	0.002791841
BACasv73	0	0	0	0	0.006036857	0.002775369	0	0	Chloroflexi	0.001101528
BACasv74	0.002364183	0.003213003	0.002565272	0.002142947	0	0	0.012033303	0.013893693	Proteobacteria	0.00452655
BACasv75	0	0	0	0	0	0.001908066	0	0	Actinobacteria	0.000238508
BACasv76	0	0	0	0	0.002806609	0.002924049	0	0	Actinobacteria	0.000716332
BACasv77	0	0	0	0	0.002435925	0.002626688	0	0	Chloroflexi	0.000632827
BACasv78	0	0	0	0	0.003442067	0.001536365	0	0	Actinobacteria	0.000622304
BACasv79	0.002610452	0.008127008	0.009063961	0.00617673	0	0	0.001886302	0.002248357	Acidobacteria	0.003764101
BACasv80	0	0	0	0	0.005295488	0.002874489	0	0	Actinobacteria	0.001021247
BACasv81	0.003989558	0.003553204	0.008037852	0.006849027	0	0	0.01385456	0.011530036	Actinobacteria	0.00597678
BACasv82	0.001625376	0.001323001	0	0.000672297	0.001800466	0.002081526	0.002081436	0.00328606	Proteobacteria	0.00160877
BACasv83	0.004432842	0.002683803	0.009919051	0.00764738	0	0	0.000975673	0.001268304	Proteobacteria	0.003365882
BACasv84	0.00206866	0.001058401	0.002394254	0.001428631	0	0.000322141	0.006049174	0.00651447	Proteobacteria	0.002479466
BACasv85	0.005220903	0.01013041	0.004218447	0.003025337	0	0	0.000910628	0.001383604	Actinobacteria	0.003111166
BACasv87	0	0.0003402	0	0	0.001747511	0.000941643	0	0	Chloroflexi	0.000378669
BACasv88	0.002856721	0.001587602	0	0.000924409	0	0	0	0	Actinobacteria	0.000671092
BACasv89	0	0	0	0	0.002912519	0.001065543	0	0	Proteobacteria	0.000497258
BACasv90	0	0	0	0	0.001906376	0.00307273	0.001756212	0.002651908	Actinobacteria	0.001173403
BACasv91	0.00660001	0.002532603	0.002337248	0.001722761	0.00683118	0.008450006	0.002016391	0.000518852	Patescibacteria	0.003876131
BACasv92	0	0	0	0	0.002700699	0.001660265	0	0	Actinobacteria	0.000545121
BACasv93	0	0	0	0	0.001588646	0.002155867	0	0	Acidobacteria	0.000468064
BACasv94	0	0	0	0	0.002012286	0.001239004	0.001561077	0	Actinobacteria	0.000601546
BACasv96	0	0	0	0	0.009373014	0.007409243	0	0	Chloroflexi	0.002097782
BACasv97	0	0	0	0	0	0.001412464	0	0	Proteobacteria	0.000176558
BACasv98	0.006107472	0.009109809	0.004959526	0.009790327	0	0	0.001951346	0.002594258	Acidobacteria	0.004314092
BACasv99	0	0	0	0	0.007307774	0.006071119	0	0	Actinobacteria	0.001672362
BACasv100	0	0	0	0	0.001906376	0.001660265	0	0	Firmicutes	0.00044583
BACasv101	0.00039403	0.0003402	0.000798085	0.000462204	0.001747511	0.001561145	0	0	Acidobacteria	0.000662897
BACasv102	0	0	0	0	0.001641601	0.001263784	0.001886302	0.001383604	Chloroflexi	0.000771911
BACasv104	0.007880609	0.006652807	0.005415574	0.006849027	0	0	0	0	Proteobacteria	0.003349752
BACasv105	0	0	0	0	0.002965473	0.002131087	0	0	Actinobacteria	0.00063707
BACasv106	0	0	0	0	0.002330015	0.000792962	0	0	Cyanobacteria	0.000390372
BACasv107	0.006255233	0.005670006	0.004788508	0.00058826	0	0	0	0	Proteobacteria	0.002162751
BACasv108	0.006550756	0.006237006	0.006213659	0.008865919	0	0	0.001300898	0.000980053	Verrucomicrobia	0.003768536
BACasv109	0.008767177	0.006917407	0.010204082	0.010378587	0	0	0.001300898	0.003689611	Proteobacteria	0.00515722
BACasv110	0.000443284	0	0	0	0.005030714	0.002874489	0	0.000172951	Chloroflexi	0.00106518
BACasv112	0	0.002192402	0	0.00147065	0.001747511	0.001536365	0	0	Actinobacteria	0.000868366
BACasv113	0	0	0	0	0.000476594	0	0	0	Proteobacteria	5.96E-05
BACasv114	0	0	0	0	0.002594789	0.001462025	0	0	Proteobacteria	0.000507102
BACasv116	0.004285081	0.004195804	0.004560483	0.005252322	0.002965473	0.001486805	0.014570053	0.010146431	Chloroflexi	0.005932807
BACasv117	0	0	0	0	0	0	0.007740341	0	Cyanobacteria	0.000967543
BACasv118	0.000935822	0.001096201	0	0	0.003547977	0.001908066	0	0	Proteobacteria	0.000936008
BACasv119	0.014923903	0.024116424	0.015619656	0.01382411	0	0	0	0.001729505	Acidobacteria	0.0087767
BACasv120	0	0	0	0	0.005877992	0.003047949	0	0	Actinobacteria	0.001115743
BACasv121	0	0	0	0	0	0.000892083	0.004423052	0.006860371	Actinobacteria	0.001521938
BACasv122	0	0	0	0.000210093	0	0	0.005073501	0.008993428	Actinobacteria	0.001784628
BACasv123	0	0.0002268	0	0	0.002647744	0.005278156	0	0	Proteobacteria	0.001019088
BACasv124	0	0	0	0	0.001376827	0.000669062	0	0	Actinobacteria	0.000255736
BACasv125	0.015761218	0.011566812	0.018013909	0.014832556	0	0	0.006374398	0.00968523	Gemmatimonadetes	0.009529265
BACasv126	0	0	0.001767187	0.001302576	0	0.001833726	0.003252244	0.001844806	Actinobacteria	0.001250067
BACasv127	0	0	0	0	0	0	0.002992065	0.003747262	Actinobacteria	0.000842416
BACasv128	0	0	0	0	0.003653887	0.000495602	0.00266684	0.001210654	Actinobacteria	0.001003373
BACasv129	0	0	0	0	0.001588646	0.002007186	0	0	Actinobacteria	0.000449479
BACasv130	0	0.001134001	0	0	0	0	0.003252244	0.005880318	Proteobacteria	0.00128332
BACasv131	0.001674629	0.001814402	0.002280242	0.002269003	0.000317729	0.000173461	0	0.000461201	Chloroflexi	0.001123833
BACasv132	0.000640299	0.0004158	0.000969103	0.001260557	0	0	0	0	Chloroflexi	0.00041072
BACasv133	0.012017928	0.008316008	0.006726713	0.008571789	0	0	0	0.000807103	Rokubacteria	0.004554943
BACasv134	0	0	0	0	0	0.002948829	0	0	Actinobacteria	0.000368604
BACasv135	0	0.001323001	0.001140121	0	0.000582504	0	0.004292962	0.005246166	Actinobacteria	0.001573094
BACasv136	0	0.000642601	0	0.000840371	0	0	0.00292702	0.004381414	Actinobacteria	0.001098926
BACasv137	0.003447766	0.003477603	0.006498689	0.007563343	0	0	0.004032783	0.002651908	Proteobacteria	0.003459012
BACasv138	0.000886568	0	0	0	0	0	0.003187199	0.00317076	Actinobacteria	0.000905566
BACasv139	0	0	0	0	0.002594789	0.001139884	0	0	Actinobacteria	0.000466834
BACasv140	0	0	0	0	0.001535692	0.001338124	0	0	Chloroflexi	0.000359227
BACasv141	0.000935822	0.000982801	0.001254133	0.001386613	0.001112053	0.001982406	0.003057109	0.002421308	Proteobacteria	0.001641531
BACasv142	0.000492538	0	0.000798085	0.000378167	0	0	0	0	Gemmatimonadetes	0.000208599
BACasv143	0.002610452	0.003402003	0.004275453	0.007017102	0.001694556	0.002849709	0.008846104	0.016315001	Acidobacteria	0.005876298
BACasv144	0	0	0	0	0	0	0.004032783	0.002133057	Actinobacteria	0.00077073
BACasv145	0	0	0	0	0.000582504	0	0	0	Acidobacteria	0.000072813
BACasv146	0	0	0	0	0.000582504	0.001139884	0	0	Chloroflexi	0.000215299
BACasv147	0.005811949	0.006161406	0.002793296	0.005210303	0	0	0	0	Acidobacteria	0.002497119
BACasv148	0	0	0	0	0.001482737	0.002899269	0	0	Chloroflexi	0.000547751
BACasv149	0.008126878	0.006955207	0.005016532	0.004748099	0	0	0.001300898	0.007090972	Proteobacteria	0.004154823
BACasv150	0.001625376	0	0.000627066	0.004832136	0	0	0	0.002536608	Proteobacteria	0.001202648
BACasv151	0	0	0	0	0	0	0.003577468	0.002248357	Actinobacteria	0.000728228
BACasv152	0	0	0.001539163	0.001344594	0	0	0	0	Actinobacteria	0.00036047
BACasv153	0	0	0	0	0.003865706	0.001065543	0	0	Proteobacteria	0.000616406
BACasv154	0	0	0	0	0.001165007	0.001214224	0	0	Proteobacteria	0.000297404
BACasv155	0.00103433	0.001323001	0.000912097	0.00058826	0	0	0.002146481	0.003459011	Actinobacteria	0.001182898
BACasv156	0	0	0	0	0.000582504	0.000396481	0	0	Acidobacteria	0.000122373
BACasv157	0.006747771	0.005518806	0.011515221	0.009748309	0	0.0001239	0.005528815	0.008359276	Actinobacteria	0.005942762
BACasv158	0	0.000529201	0	0	0	0	0.00253675	0.003055459	Actinobacteria	0.000765176
BACasv159	0.004826873	0.004044604	0	0.001344594	0	0	0.00266684	0.007033322	Chloroflexi	0.002489529
BACasv161	0	0	0	0	0	0.001090323	0	0	Bacteroidetes	0.00013629
BACasv162	0.008077624	0.006237006	0.006384677	0.005168284	0	0	0.006894757	0.005765018	Actinobacteria	0.004815921
BACasv163	0	0	0	0	0	0	0.003512424	0.002075406	Actinobacteria	0.000698479
BACasv164	0.001625376	0.002797203	0.003477369	0.002395059	0	0.000495602	0.00572395	0.004612014	Acidobacteria	0.002640822
BACasv165	0.001132838	0.000718201	0	0	0	0	0.002731885	0.003574311	Chloroflexi	0.001019654
BACasv166	0.004629858	0.006841807	0.002679284	0.004790117	0	0	0	0	Verrucomicrobia	0.002367633
BACasv167	0.004285081	0.001701002	0.001026109	0.000840371	0.000741368	0.000892083	0.00279693	0.002882509	Actinobacteria	0.001895682
BACasv168	0.008520908	0.007673408	0.016816783	0.009076012	0.000582504	0	0.012943931	0.006110919	Actinobacteria	0.007715558
BACasv169	0.004038812	0.005972406	0.00820887	0.010252532	0	0	0	0.000288251	Planctomycetes	0.003595109
BACasv170	0.002758213	0.004762805	0.006612701	0.004033783	0	0	0.004488097	0.00334371	Chloroflexi	0.003249914
BACasv171	0.004580604	0.003893404	0.005073538	0.004453969	0	0	0	0	Bacteroidetes	0.002250189
BACasv172	0.000738807	0.000907201	0	0	0	0	0.006504488	0.004554364	Proteobacteria	0.001588108
BACasv173	0	0	0	0	0.001217962	0.000768182	0.000390269	0	Firmicutes	0.000297052
BACasv175	0	0	0	0	0.000529549	0	0.00533368	0.003747262	Actinobacteria	0.001201311
BACasv176	0	0	0	0	0.001165007	0.000892083	0	0	Actinobacteria	0.000257136
BACasv177	0.005516426	0.006879607	0.005529586	0.005168284	0.000688413	0	0.008650969	0.011530036	Actinobacteria	0.005495415
BACasv178	0	0	0	0	0	0.001982406	0	0	Chloroflexi	0.000247801
BACasv179	0.009801507	0.008958609	0.009463003	0.01029455	0	0	0.03531937	0.018793958	Chloroflexi	0.011578875
BACasv180	0	0	0.001710181	0.002563133	0	0	0.001561077	0.007206272	Proteobacteria	0.001630083
BACasv181	0	0.0004536	0.002223236	0.001596706	0	0.000322141	0	0	Chloroflexi	0.00057446
BACasv182	0	0	0	0	0.003230248	0.001660265	0	0	Firmicutes	0.000611314
BACasv183	0	0	0.001368145	0.002142947	0.002435925	0.000966423	0.009886822	0.003516661	Actinobacteria	0.002539615
BACasv184	0	0.000793801	0.001083115	0.000966427	0	0	0.005138546	0.007263923	Actinobacteria	0.001905727
BACasv185	0.001723883	0.001852202	0.002223236	0.002016891	0	0	0.003772603	0.004554364	Actinobacteria	0.002017897
BACasv187	0	0	0	0	0.004607075	0.002403667	0	0	Chloroflexi	0.000876343
BACasv188	0	0	0	0	0.007307774	0	0.001626122	0	Actinobacteria	0.001116737
BACasv189	0	0	0	0	0	0	0.002146481	0.004496714	Actinobacteria	0.000830399
BACasv190	0	0	0	0	0	0	0.002081436	0.004496714	Actinobacteria	0.000822269
BACasv191	0.002561198	0.001890002	0.00245126	0.001680743	0	0	0.005008456	0.006802721	Proteobacteria	0.002549298
BACasv192	0	0	0	0	0.000370684	0.001437244	0	0.000980053	Actinobacteria	0.000348498
BACasv194	0	0	0	0	0.001006143	0.000892083	0	0	Proteobacteria	0.000237278
BACasv195	0	0	0	0	0.001006143	0.000792962	0	0	Firmicutes	0.000224888
BACasv196	0.001231345	0.000756001	0.000969103	0	0	0	0.003252244	0.001498905	Actinobacteria	0.00096345
BACasv197	0.000640299	0.000529201	0	0.000378167	0	0	0.001951346	0.002651908	Proteobacteria	0.000768865
BACasv198	0	0	0	0	0	0	0.001040718	0.004381414	Proteobacteria	0.000677767
BACasv199	0.001773137	0	0	0.000798353	0	0	0	0	Proteobacteria	0.000321436
BACasv200	0	0	0	0	0	0.000272581	0	0	Acidobacteria	3.41E-05
BACasv202	0.00453135	0.004158004	0.002679284	0.002521114	0	0	0	0	Acidobacteria	0.001736219
BACasv203	0.003546274	0.002570403	0.004275453	0.00235304	0	0	0	0.003055459	Proteobacteria	0.001975079
BACasv204	0.003053736	0.001965602	0.001653175	0.000840371	0	0	0.003577468	0.001153004	Chloroflexi	0.00153042
BACasv206	0.000886568	0	0.001710181	0.001974873	0	0	0	0.001614205	Acidobacteria	0.000773228
BACasv207	0	0	0	0	0.000317729	0.001759385	0	0	Bacteroidetes	0.000259639
BACasv208	0.003595528	0.001134001	0.002622278	0.000630279	0	0	0.004162872	0.005188516	Proteobacteria	0.002166684
BACasv209	0.00206866	0.002759403	0.002679284	0.003109374	0	0	0	0.001614205	Proteobacteria	0.001528866
BACasv210	0.006944786	0.006312606	0.004218447	0.005630489	0	0	0	0.000807103	Rokubacteria	0.002989179
BACasv211	0.001625376	0.001285201	0.001710181	0.001260557	0	0	0.012748797	0.004439064	Chloroflexi	0.002883647
BACasv212	0	0	0	0	0.001112053	0.000569942	0	0	Actinobacteria	0.000210249
BACasv213	0	0	0	0	0.001006143	0.000842523	0	0	Actinobacteria	0.000231083
BACasv215	0	0	0	0	0	0.000842523	0	0	Chloroflexi	0.000105315
BACasv216	0.002019406	0.002835003	0.002052218	0.00264717	0	0	0	0	Acidobacteria	0.001194225
BACasv217	0.002511944	0.002003402	0.004047429	0.002269003	0	0	0.002081436	0.004727315	Actinobacteria	0.002205066
BACasv218	0	0	0	0	0	0	0	0.004035513	Actinobacteria	0.000504439
BACasv220	0.003053736	0.002608203	0.002508266	0.001848817	0	0	0.001040718	0.001441254	Proteobacteria	0.001562624
BACasv221	0	0	0	0	0.001906376	0.000817743	0	0	Proteobacteria	0.000340515
BACasv222	0	0	0	0	0	0.000545162	0	0	Proteobacteria	6.81E-05
BACasv223	0	0	0	0	0	0.000768182	0	0	Proteobacteria	9.60E-05
BACasv224	0.00142836	0.002797203	0.001710181	0.003907727	0	0	0	0	Latescibacteria	0.001230434
BACasv225	0.001576122	0.001134001	0.001653175	0.002815244	0	0	0	0	Acidobacteria	0.000897318
BACasv226	0.004679111	0.003666604	0.005358568	0.005168284	0	0	0.007154937	0.003689611	Chloroflexi	0.003714639
BACasv227	0.000443284	0.000982801	0	0.002184966	0	0	0.00253675	0.003977862	Chloroflexi	0.001265708
BACasv228	0.00310299	0.002608203	0.003762399	0.00411782	0	0	0.00026018	0.000634152	Proteobacteria	0.001810718
BACasv229	0.004334335	0.003893404	0.003078326	0.003697634	0	0	0.00292702	0.003689611	Proteobacteria	0.002702541
BACasv232	0	0.001549802	0	0.001932854	0	0	0.010537271	0.006283869	Proteobacteria	0.002537975
BACasv233	0.005073142	0.003213003	0.002850302	0.00411782	0	0	0.001626122	0.004554364	Proteobacteria	0.002679344
BACasv234	0.003152244	0	0	0	0	0.000594722	0	0	Proteobacteria	0.000468371
BACasv235	0.000788061	0.000642601	0	0.000924409	0	0.0001239	0	0	Gemmatimonadetes	0.000309871
BACasv236	0	0	0	0	0.000953188	0	0	0	Acidobacteria	0.000119149
BACasv237	0	0	0	0	0.003918661	0	0.001235853	0	Actinobacteria	0.000644314
BACasv238	0	0	0	0	0	0.000991203	0	0	Firmicutes	0.0001239
BACasv239	0.00310299	0.002646003	0.001995211	0.001848817	0	0	0.004553142	0.005130866	Actinobacteria	0.002409629
BACasv240	0	0	0	0	0	0.001561145	0	0	Actinobacteria	0.000195143
BACasv241	0.000886568	0.000680401	0.001596169	0.003109374	0	0	0	0.003631961	Acidobacteria	0.001238059
BACasv242	0	0.000642601	0.000114012	0.00029413	0.002541834	0.001511585	0.001235853	0.000403551	Chloroflexi	0.000842946
BACasv243	0.00142836	0.002343602	0.000912097	0	0	0	0.002731885	0.002594258	Actinobacteria	0.001251275
BACasv245	0.003152244	0.001663202	0	0.002605151	0	0	0	0.00334371	Actinobacteria	0.001345538
BACasv246	0.001625376	0.003061803	0.000912097	0.003403504	0	0	0	0	Acidobacteria	0.001125348
BACasv247	0	0	0.000342036	0	0	0.000545162	0	0	Chloroflexi	0.0001109
BACasv248	0.002167167	0.001663202	0.003876411	0.002857263	0	0	0	0	Planctomycetes	0.001320505
BACasv249	0.002708959	0.001701002	0.003249344	0.00382369	0	0	0.001886302	0.005822668	Proteobacteria	0.002398996
BACasv250	0	0.001436401	0	0.001722761	0	0	0.001756212	0.003516661	Actinobacteria	0.001054004
BACasv251	0	0	0	0	0.000847278	0.001313344	0	0	Actinobacteria	0.000270078
BACasv253	0	0	0	0	0	0.00014868	0	0	Planctomycetes	0.000018585
BACasv254	0.005664188	0.007030807	0.009006955	0.009328123	0	0	0.000975673	0.001210654	Proteobacteria	0.00415205
BACasv255	0	0	0	0	0	0	0.003837648	0.002824859	Actinobacteria	0.000832813
BACasv256	0.001773137	0.002948403	0.001197127	0.001680743	0	0	0.003447379	0.00657212	Actinobacteria	0.002202364
BACasv257	0.001576122	0.000831601	0.002052218	0.001596706	0.000582504	0	0.003057109	0	Firmicutes	0.001212033
BACasv258	0.000443284	0.001512002	0	0.001218539	0	0	0.003772603	0.003747262	Chloroflexi	0.001336711
BACasv259	0.000492538	0	0.00057006	0.000504223	0	0	0.001691167	0.001844806	Actinobacteria	0.000637849
BACasv260	0	0	0	0	0	0.000594722	0	0	Proteobacteria	7.43E-05
BACasv261	0	0	0	0	0.000900233	0	0	0	Actinobacteria	0.000112529
BACasv262	0.00517165	0.005745606	0.004332459	0.005168284	0	0	0	0.001325954	Proteobacteria	0.002717994
BACasv263	0.000738807	0.001134001	0.002109224	0.002395059	0	0	0	0	Planctomycetes	0.000797136
BACasv264	0.000541792	0.0002646	0	0	0	0	0.003382334	0.006860371	Proteobacteria	0.001381137
BACasv266	0.002758213	0	0	0	0	0	0	0	Proteobacteria	0.000344777
BACasv267	0	0	0	0	0.001588646	0.001833726	0	0	Actinobacteria	0.000427797
BACasv268	0	0	0	0	0.001588646	0.000644282	0	0	Actinobacteria	0.000279116
BACasv269	0	0	0	0	0	0	0	0.00322841	Proteobacteria	0.000403551
BACasv270	0	0	0	0	0	0.000842523	0	0	Proteobacteria	0.000105315
BACasv272	0.003546274	0.002986203	0	0.00088239	0	0	0.001430987	0.00322841	Actinobacteria	0.001509283
BACasv273	0.003546274	0.002646003	0.003135332	0.001890836	0	0	0	0.007090972	Actinobacteria	0.002288677
BACasv274	0.000738807	0.002419202	0.003819405	0.004495987	0	0	0	0	Acidobacteria	0.001434175
BACasv275	0.001920898	0.002835003	0.002223236	0.005168284	0	0	0	0	Acidobacteria	0.001518428
BACasv276	0	0	0	0	0.002912519	0	0	0	Actinobacteria	0.000364065
BACasv277	0.001132838	0	0	0.000672297	0	0	0.003967738	0.001325954	Chloroflexi	0.000887353
BACasv278	0.001182091	0.002079002	0.002394254	0.001806799	0	0	0.004423052	0.00317076	Actinobacteria	0.001881995
BACasv279	0.005713441	0.001625402	0.000912097	0.00088239	0	0	0	0	Actinobacteria	0.001141666
BACasv280	0.007388071	0.011982612	0.003420363	0.004832136	0	0	0	0	Acidobacteria	0.003452898
BACasv281	0.001674629	0.002041202	0	0	0	0	0	0	Acidobacteria	0.000464479
BACasv282	0.003546274	0.005027405	0.00518755	0.005630489	0	0	0	0.001383604	Proteobacteria	0.002596915
BACasv283	0.000541792	0.001058401	0.000912097	0.001008446	0	0	0.002211526	0.003804912	Actinobacteria	0.001192147
BACasv284	0.000886568	0	0	0	0	0	0	0	Actinobacteria	0.000110821
BACasv285	0	0	0	0	0.001217962	0.000520382	0	0	Proteobacteria	0.000217293
BACasv286	0.003546274	0.002154602	0.003534375	0	0	0	0.001365943	0.005765018	Actinobacteria	0.002045777
BACasv288	0	0	0	8.40E-05	0.000900233	0.002205427	0	0	Chloroflexi	0.000398708
BACasv289	0.004580604	0.003893404	0.00330635	0.00352956	0	0	0	0	Gemmatimonadetes	0.00191374
BACasv290	0.003349259	0.001701002	0.003249344	0.001722761	0.000688413	0.000446041	0	0.002478958	Actinobacteria	0.001704472
BACasv291	0	0	0	0	0	0	0.003382334	0	Actinobacteria	0.000422792
BACasv292	0	0	0	0	0	0	0.003382334	0	Cyanobacteria	0.000422792
BACasv293	0.003152244	0.000529201	0.003648387	0.002016891	0	0.000223021	0.001496032	0	Chloroflexi	0.001383222
BACasv294	0.00206866	0.001927802	0	0.001344594	0	0	0.004162872	0	Chloroflexi	0.001187991
BACasv295	0	0.001927802	0	0	0.001588646	0.001214224	0	0.000922403	Actinobacteria	0.000706634
BACasv296	0	0	0	0	0	0	0.003317289	0.002190707	Proteobacteria	0.0006885
BACasv297	0	0	0	0	0	0	0.002601795	0.000634152	Cyanobacteria	0.000404493
BACasv298	0.002216421	0.000567001	0.000912097	0.00147065	0	0	0.001496032	0.001960106	Chloroflexi	0.001077788
BACasv300	0	0	0	0	0	0.000669062	0	0	Acidobacteria	8.36E-05
BACasv302	0.003152244	0.001398601	0.001539163	0.001218539	0	0	0.000195135	0.002363657	Proteobacteria	0.001233417
BACasv303	0.002659705	0.003553204	0.002394254	0.003151393	0	0	0	0	Acidobacteria	0.00146982
BACasv304	0	0	0.002793296	0	0	0	0	0	Actinobacteria	0.000349162
BACasv305	0	0	0	0	0.001376827	0.000569942	0	0	Actinobacteria	0.000243346
BACasv306	0	0	0	0	0	0.002007186	0	0	Firmicutes	0.000250898
BACasv307	0.00206866	0.001814402	0.000627066	0.000756334	0	0	0.003187199	0	Actinobacteria	0.001056708
BACasv308	0	0	0	0	0	0	0.001886302	0.001153004	Proteobacteria	0.000379913
BACasv309	0	0	0	0	0	0.000892083	0.001691167	0.001325954	Actinobacteria	0.000488651
BACasv310	0.003398513	0.001701002	0.002280242	0.001512669	0	0	0	0.005073216	Proteobacteria	0.001745705
BACasv312	0.004974634	0.003024003	0.001881199	0.003025337	0	0	0.001821257	0.002075406	Actinobacteria	0.00210023
BACasv313	0.002364183	0.001701002	0.001425151	0.00147065	0	0	0	0	Actinobacteria	0.000870123
BACasv314	0.001231345	0.001814402	0	0	0	0	0	0	Acidobacteria	0.000380718
BACasv315	0	0	0.001539163	0.002857263	0	0	0	0	Actinobacteria	0.000549553
BACasv316	0	0	0	0	0.002012286	0.001189444	0.001105763	0	Firmicutes	0.000538437
BACasv317	0	0	0	0	0.000635459	0.000346921	0.00253675	0.001268304	Proteobacteria	0.000598429
BACasv320	0.00349702	0.002381402	0.001368145	0.001722761	0	0	0.001821257	0.000518852	Actinobacteria	0.00141368
BACasv321	0	0.002457002	0	0	0	0	0	0	Chloroflexi	0.000307125
BACasv322	0	0	0.002679284	0	0	0	0	0.001960106	Actinobacteria	0.000579924
BACasv324	0	0	0	0	0.00021182	0.00014868	0	0	Chloroflexi	4.51E-05
BACasv325	0	0	0	0	0	0.000743402	0	0	Actinobacteria	9.29E-05
BACasv326	0.002265675	0.001512002	0	0	0	0	0	0	Bacteroidetes	0.00047221
BACasv327	0.005861203	0.005329805	0.003420363	0.001092483	0	0	0	0	Proteobacteria	0.001962982
BACasv328	0	0	0.002622278	0.001638724	0	0	0.001365943	0	Verrucomicrobia	0.000703368
BACasv329	0	0	0	0	0	0	0	0.002651908	Actinobacteria	0.000331489
BACasv330	0.000443284	0	0.000912097	0	0	0	0	0	Planctomycetes	0.000169423
BACasv331	0.000985076	0.001058401	0.000684073	0	0.000423639	0.000743402	0	0	Chloroflexi	0.000486824
BACasv332	0.002216421	0.000642601	0	0	0	0	0	0	Proteobacteria	0.000357378
BACasv333	0.005368665	0.003666604	0.005073538	0.006428842	0	0	0	0.000749452	Acidobacteria	0.002660888
BACasv334	0.001132838	0.002154602	0.001995211	0.000966427	0	0	0.00026018	0.000403551	Acidobacteria	0.000864101
BACasv335	0.001773137	0.000793801	0.000969103	0.000756334	0	0	0.002146481	0.002594258	Actinobacteria	0.001129139
BACasv337	0.002167167	0	0	0.000378167	0	0	0.001496032	0	Proteobacteria	0.000505171
BACasv338	0.002610452	0.001663202	0.00216623	0	0	0	0	0	Acidobacteria	0.000804986
BACasv339	0.00142836	0.001663202	0.000627066	0.000840371	0	0	0	0	Proteobacteria	0.000569875
BACasv340	0	0.001663202	0	0.001638724	0	0	0	0.001960106	Actinobacteria	0.000657754
BACasv341	0.005713441	0.005216405	0.005529586	0.004832136	0	0	0.00572395	0.005015566	Actinobacteria	0.004003886
BACasv342	0.001083584	0.004044604	0.001710181	0.001218539	0	0	0	0	Acidobacteria	0.001007114
BACasv343	0.001083584	0.002003402	0.001140121	0.003571579	0	0	0	0	Planctomycetes	0.000974836
BACasv345	0.000788061	0	0.001653175	0.001848817	0	0	0	0	Proteobacteria	0.000536257
BACasv346	0	0.001587602	0.001938205	0.001848817	0	0	0	0	Proteobacteria	0.000671828
BACasv347	0	0.000907201	0	0.001092483	0.000582504	0	0.001430987	0.001268304	Proteobacteria	0.000660185
BACasv349	0.001231345	0.002419202	0.001197127	0.000714316	0	0	0	0	Acidobacteria	0.000695249
BACasv350	0.003300005	0.002041202	0.002223236	0.001260557	0	0	0.001300898	0.002709558	Chloroflexi	0.001604432
BACasv351	0	0	0	0	0	0.000545162	0	0	Acidobacteria	6.81E-05
BACasv352	0.003841797	0.003213003	0.001197127	0.003109374	0.000317729	0.000198241	0.006504488	0.006283869	Chloroflexi	0.003083204
BACasv353	0.002561198	0.003061803	0.001140121	0.002269003	0	0	0	0	Acidobacteria	0.001129016
BACasv354	0.00142836	0.001247401	0.001482157	0.00176478	0	0	0.001886302	0.002363657	Proteobacteria	0.001271582
BACasv355	0.00142836	0.001247401	0.000684073	0.001638724	0	0.000272581	0.002731885	0.002075406	Proteobacteria	0.001259804
BACasv356	0	0	0	0	0	0	0.001365943	0.001210654	Actinobacteria	0.000322075
BACasv357	0	0	0	0	0	0	0.002081436	0.002421308	Actinobacteria	0.000562843
BACasv359	0	0	0	0	0	0	0.000845583	0	Chloroflexi	0.000105698
BACasv360	0.002019406	0.001474201	0	0.000378167	0	0	0	0	Acidobacteria	0.000483972
BACasv361	0.002807467	0.001209601	0	0	0	0	0.000845583	0	Actinobacteria	0.000607831
BACasv362	0.003989558	0.002570403	0.001653175	0.001344594	0	0	0	0.002767209	Proteobacteria	0.001540617
BACasv363	0	0	0	0	0	0	0.001300898	0.00322841	Chloroflexi	0.000566164
BACasv364	0.002413436	0.001512002	0.000627066	0.00058826	0	0	0	0.000634152	Chloroflexi	0.000721865
BACasv365	0	0.000604801	0	0	0	0	0.000780539	0.001614205	Proteobacteria	0.000374943
BACasv366	0.000541792	0	0	0	0	0.000371701	0	0	Proteobacteria	0.000114187
BACasv368	0.001920898	0.001776602	0.001653175	0	0	0	0	0	Proteobacteria	0.000668834
BACasv369	0.000738807	0.001474201	0	0.00029413	0	0	0.002341616	0.001614205	Actinobacteria	0.00080787
BACasv370	0.001280599	0	0.001482157	0.001638724	0	0	0.001561077	0.001210654	Proteobacteria	0.000896651
BACasv371	0.000591046	0	0.000684073	0.001638724	0	0	0	0	Latescibacteria	0.00036423
BACasv372	0	0	0	0	0	0.000966423	0	0	Actinobacteria	0.000120803
BACasv373	0	0	0	0	0	0.000966423	0	0	Bacteroidetes	0.000120803
BACasv374	0	0	0	0	0.000529549	0.000718622	0	0	Proteobacteria	0.000156021
BACasv375	0.001871645	0.001096201	0.000855091	0.000504223	0	0	0	0	Proteobacteria	0.000540895
BACasv376	0.001822391	0.002570403	0.004047429	0.00205891	0	0	0	0	Acidobacteria	0.001312392
BACasv377	0.001379107	0.003137403	0	0.000840371	0	0	0	0	Acidobacteria	0.00066961
BACasv378	0.001083584	0.001134001	0.00273629	0.001932854	0	0	0	0.000518852	Latescibacteria	0.000925698
BACasv379	0	0	0	0	0	0.000941643	0	0	Actinobacteria	0.000117705
BACasv380	0.000492538	0.000378	0.000969103	0.000714316	0	0	0.002471705	0	Chloroflexi	0.000628208
BACasv381	0	0	0	0	0	0	0.002471705	0	Proteobacteria	0.000308963
BACasv382	0	0	0	0	0	0	0.002471705	0	Firmicutes	0.000308963
BACasv383	0.002955228	0.001890002	0.001710181	0.001008446	0	0	0.001235853	0.001960106	Actinobacteria	0.001344977
BACasv384	0	0.000378	0	0	0	0	0	0.002190707	Acidobacteria	0.000321088
BACasv385	0.000886568	0	0	0	0	0	0.001300898	0.002190707	Proteobacteria	0.000547272
BACasv386	0	0.000189	0	0.000252111	0	0	0	0.002190707	Actinobacteria	0.000328977
BACasv387	0.001083584	0.000793801	0	0.000546241	0	0	0	0.001671855	Bacteroidetes	0.000511935
BACasv389	0	0	0	0	0.000264774	0.001214224	0	0	Proteobacteria	0.000184875
BACasv390	0.001822391	0.0004158	0.001083115	0.000672297	0	0	0	0.001729505	Actinobacteria	0.000715389
BACasv391	0.002610452	0.002041202	0.003477369	0.003277449	0	0	0	0	Proteobacteria	0.001425809
BACasv392	0.001674629	0.001587602	0.001938205	0.003361486	0	0	0	0.000518852	Acidobacteria	0.001135097
BACasv393	0.001773137	0.001096201	0.001596169	0.001554687	0	0	0	0.000634152	Proteobacteria	0.000831793
BACasv394	0	0	0	0	0	0	0.002406661	0	Cyanobacteria	0.000300833
BACasv395	0	0	0	0.000798353	0	0	0	0.002133057	Actinobacteria	0.000366426
BACasv396	0	0	0	0	0	0	0	0.002133057	Actinobacteria	0.000266632
BACasv398	0	0	0	0	0	0.000495602	0	0	Proteobacteria	6.20E-05
BACasv400	0.001773137	0.000831601	0	0.000672297	0	0	0	0	Proteobacteria	0.000409629
BACasv401	0.001280599	0.001360801	0	0	0	0	0	0	Proteobacteria	0.000330175
BACasv402	0.001132838	0.001360801	0.001026109	0.000756334	0	0	0	0.001153004	Chloroflexi	0.000678636
BACasv403	0.001920898	0.002835003	0.003249344	0.001596706	0.000264774	0	0.00266684	0.002651908	Chloroflexi	0.001898184
BACasv404	0.000443284	0.003628804	0.002565272	0.002184966	0	0.000247801	0	0	Verrucomicrobia	0.001133766
BACasv405	0	0	0	0	0	0	0.002341616	0	Cyanobacteria	0.000292702
BACasv406	0	0.000567001	0.000969103	0.000630279	0	0	0.000910628	0.001268304	Chloroflexi	0.000543164
BACasv407	0	0.001096201	0.001254133	0.000672297	0	0	0.001951346	0.003459011	Actinobacteria	0.001054124
BACasv408	0.00142836	0	0	0.000798353	0	0.000396481	0	0.002075406	Proteobacteria	0.000587325
BACasv410	0	0.0003024	0	0	0	0	0	0	Chloroflexi	0.0000378
BACasv411	0	0	0	0	0	0.000396481	0	0	Acidobacteria	4.96E-05
BACasv412	0	0	0	0	0	0.000247801	0	0	Cyanobacteria	3.10E-05
BACasv413	0	0	0	0	0.000317729	0.000446041	0	0	Dependentiae	9.55E-05
BACasv414	0.000640299	0.001323001	0.000969103	0.000546241	0	0	0	0	Actinobacteria	0.000434831
BACasv416	0.001674629	0.001058401	0.001995211	0.002311021	0	0	0	0.001614205	Proteobacteria	0.001081683
BACasv417	0.000738807	0	0.001995211	0.001386613	0	0	0	0	Actinobacteria	0.000515079
BACasv418	0.001625376	0.000945001	0.000741079	0.00147065	0	0	0	0	Nitrospirae	0.000597763
BACasv419	0	0.001171801	0	0.00147065	0	0	0	0	Verrucomicrobia	0.000330306
BACasv420	0	0.0004536	0.001026109	0.001260557	0	0	0.002276571	0.001210654	Actinobacteria	0.000778436
BACasv421	0	0	0	0	0.000317729	0	0.000975673	0.001153004	Actinobacteria	0.000305801
BACasv422	0.000295523	0	0.00028503	0.001302576	0	0	0.001496032	0.002017756	Chloroflexi	0.000674615
BACasv424	0	0	0	0.000756334	0	0	0	0.002017756	Proteobacteria	0.000346761
BACasv426	0	0	0	0	0.000688413	0	0	0	Chloroflexi	8.61E-05
BACasv427	0	0.001285201	0	0	0	0	0	0	Acidobacteria	0.00016065
BACasv428	0	0	0	0	0	0.000842523	0	0	Actinobacteria	0.000105315
BACasv429	0	0	0.000171018	0	0	0.000198241	0	0	Proteobacteria	4.62E-05
BACasv430	0	0	0	0	0	0.000594722	0	0	Chloroflexi	7.43E-05
BACasv432	0.001625376	0.001096201	0	0.000504223	0	0	0.000780539	0	Bacteroidetes	0.000500792
BACasv433	0	0	0.001425151	0.001386613	0	0	0	0	Proteobacteria	0.000351471
BACasv434	0	0	0.001026109	0.001386613	0	0	0	0.000634152	Proteobacteria	0.000380859
BACasv435	0.000443284	0	0	0.00029413	0	0	0.000780539	0.001902456	Chloroflexi	0.000427551
BACasv436	0.000738807	0.0004158	0.001140121	0.000462204	0	0	0.00266684	0.001902456	Actinobacteria	0.000915779
BACasv437	0.000738807	0.0004536	0.00057006	0.001134501	0	0	0.001756212	0.00328606	Actinobacteria	0.000992405
BACasv440	0	0	0	0	0.000423639	0.000322141	0	0	Chloroflexi	9.32E-05
BACasv441	0	0	0.000627066	0	0	0	0	0	Acidobacteria	7.84E-05
BACasv442	0	0	0	0	0.000529549	9.91E-05	0	0	Chloroflexi	7.86E-05
BACasv443	0.001576122	0.000718201	0	0.001092483	0	0	0	0.000518852	Proteobacteria	0.000488207
BACasv444	0.002314929	0	0.001881199	0.001806799	0	0	0.000780539	0	Chloroflexi	0.000847933
BACasv445	0.00103433	0.0004914	0.001824193	0.000798353	0	0	0	0	Bacteroidetes	0.000518535
BACasv446	0	0	0.001824193	0.001302576	0	0	0	0.000576502	Bacteroidetes	0.000462909
BACasv447	0	0	0	0	0	0	0.001040718	0.000922403	Actinobacteria	0.00024539
BACasv448	0	0.000642601	0	0	0	0	0	0.001844806	Chloroflexi	0.000310926
BACasv449	0	0	0	0	0	0.0001239	0	0	Chloroflexi	1.55E-05
BACasv450	0	0	0	0	0.00021182	0.000322141	0	0	Firmicutes	6.67E-05
BACasv451	0	0	0	0	0.000953188	0	0	0	Cyanobacteria	0.000119149
BACasv452	0.002413436	0.001890002	0	0.000756334	0	0	0	0	Proteobacteria	0.000632472
BACasv453	0.001526868	0.002494802	0.001311139	0.001218539	0	0	0	0	Proteobacteria	0.000818919
BACasv455	0	0.001171801	0	0	0.000317729	0.000223021	0	0	Verrucomicrobia	0.000214069
BACasv456	0	0.002116802	0	0.000966427	0	0	0	0	Acidobacteria	0.000385404
BACasv457	0.000591046	0.001512002	0.003078326	0.003067356	0	0	0	0	Proteobacteria	0.001031091
BACasv458	0.001920898	0.001587602	0.003192338	0.004243876	0	0	0	0	Acidobacteria	0.001368089
BACasv461	0	0.0001512	0	0	0	0	0	0	Patescibacteria	0.0000189
BACasv462	0	0	0.000171018	0	0	0	0	0	Planctomycetes	2.14E-05
BACasv463	0.001477614	0.000793801	0	0	0	0	0.001430987	0	Cyanobacteria	0.0004628
BACasv464	0.000935822	0.000907201	0.001083115	0.001260557	0	0	0	0	Acidobacteria	0.000523337
BACasv465	0.002265675	0.001360801	0	0.002100929	0	0	0	0	Bacteroidetes	0.000715926
BACasv467	0	0	0	0	0	0	0	0.001268304	Acidobacteria	0.000158538
BACasv468	0.00142836	0.001247401	0.001197127	0.002184966	0	0	0	0	Proteobacteria	0.000757232
BACasv469	0	0	0	0	0	0	0	0.001671855	Actinobacteria	0.000208982
BACasv471	0.001379107	0	0	0	0	0	0	0	Proteobacteria	0.000172388
BACasv472	0.003053736	0.002608203	0.004218447	0.00264717	0	0.000173461	0.001300898	0.001960106	Gemmatimonadetes	0.001995253
BACasv473	0	0	0	0.00117652	0	0	0	0	Actinobacteria	0.000147065
BACasv474	0	0.001134001	0	0.001386613	0	0	0	0	Proteobacteria	0.000315077
BACasv475	0.001231345	0.001247401	0	0.00117652	0	0	0	0	Entotheonellaeota	0.000456908
BACasv476	0	0	0	0	0	0	0.001821257	0	Proteobacteria	0.000227657
BACasv478	0.001083584	0.0004536	0	0.000504223	0	0	0	0.001614205	Gemmatimonadetes	0.000456952
BACasv479	0.000640299	0.000378	0.000741079	0.000840371	0	0	0	0.001614205	Actinobacteria	0.000526744
BACasv480	0	0	0	0	0	0	0	0.001614205	Proteobacteria	0.000201776
BACasv481	0	0	0	0	0	0	0.000780539	0.001614205	Proteobacteria	0.000299343
BACasv485	0.00246269	0.001096201	0.00216623	0.000378167	0	0	0	0	Bacteroidetes	0.000762911
BACasv486	0	0	0.001539163	0	0	0	0	0	Proteobacteria	0.000192395
BACasv487	0	0.000680401	0.001539163	0	0	0	0	0	Proteobacteria	0.000277446
BACasv488	0.000985076	0	0.001539163	0	0	0	0	0	Acidobacteria	0.00031553
BACasv489	0.001379107	0.0004536	0.001539163	0.001974873	0.000158865	0	0.000455314	0.000461201	Proteobacteria	0.000802765
BACasv491	0.000541792	0.0003402	0	0.000126056	0	0	0.000390269	0.001210654	Acidobacteria	0.000326121
BACasv492	0	0	0	0	0.000582504	0	0	0	Acidobacteria	0.000072813
BACasv493	0	0	0	0	0	0.000619502	0	0	Planctomycetes	7.74E-05
BACasv497	0.001280599	0.000718201	0	0	0	0	0	0	Actinobacteria	0.00024985
BACasv498	0.004038812	0.001625402	0	0	0	0	0	0	Bacteroidetes	0.000708027
BACasv499	0.000640299	0.000982801	0.001425151	0.001890836	0	0	0	0	Acidobacteria	0.000617386
BACasv500	0.001132838	0.000982801	0	0	0	0	0	0	Actinobacteria	0.000264455
BACasv501	0	0.000982801	0.001425151	0	0	0	0	0	Proteobacteria	0.000300994
BACasv502	0	0	0.001482157	0	0	0	0	0	Bacteroidetes	0.00018527
BACasv503	0	0	0.001482157	0.000504223	0	0	0	0	Actinobacteria	0.000248298
BACasv504	0	0	0	0.001092483	0	0	0	0	Proteobacteria	0.00013656
BACasv506	0	0.001285201	0	0	0	0	0.001691167	0	Actinobacteria	0.000372046
BACasv508	0.001231345	0.000529201	0.000684073	0.000546241	0	0	0	0	Chloroflexi	0.000373858
BACasv509	0.001083584	0	0.001425151	0.001050464	0	0	0	0	Proteobacteria	0.0004449
BACasv510	0.001822391	0.000945001	0.000456048	0.001050464	0	0	0	0	Chloroflexi	0.000534238
BACasv511	0	0	0	0	0	0.000619502	0	0	Gemmatimonadetes	7.74E-05
BACasv512	0	0	0	0	0	0.001239004	0	0	Firmicutes	0.000154876
BACasv513	0	0	0.001824193	0.001008446	0	0	0	0.001441254	Proteobacteria	0.000534237
BACasv514	0	0	0	0	0.000688413	0.000247801	0	0	Actinobacteria	0.000117027
BACasv515	0.001182091	0	0	0.00029413	0	0	0	0	Proteobacteria	0.000184528
BACasv516	0.001182091	0	0	0	0	0	0	0	Actinobacteria	0.000147761
BACasv517	0.001182091	0	0	0	0	0	0	0	Verrucomicrobia	0.000147761
BACasv518	0.00103433	0.000680401	0.001368145	0.000966427	0	0	0	0	Proteobacteria	0.000506163
BACasv519	0	0	0	0.001008446	0	0	0	0	Actinobacteria	0.000126056
BACasv520	0	0	0	0.001008446	0	0	0	0	Actinobacteria	0.000126056
BACasv521	0	0.000793801	0.001026109	0.001932854	0	0	0	0	Verrucomicrobia	0.000469096
BACasv522	0	0	0	0	0.000635459	0.000297361	0	0	Firmicutes	0.000116603
BACasv523	0	0	0	0	0	0	0.001561077	0	Proteobacteria	0.000195135
BACasv524	0	0	0	0	0	0	0.001561077	0	Proteobacteria	0.000195135
BACasv526	0.000935822	0.000642601	0.001083115	0	0	0	0	0.001902456	Actinobacteria	0.000570499
BACasv527	0.000985076	0	0.001083115	0.000798353	0	0	0	0.001383604	Patescibacteria	0.000531269
BACasv528	0.00142836	0.001323001	0.00028503	0.000462204	0	0	0.000650449	0.002767209	Gemmatimonadetes	0.000864532
BACasv530	0	0.0002268	0.000513054	0.000630279	0	0	0	0	Actinobacteria	0.000171267
BACasv534	0.001132838	0.000831601	0.000969103	0.000924409	0	0	0	0	Proteobacteria	0.000482244
BACasv535	0.001132838	0.000793801	0.000627066	0.000630279	0	0	0	0.000807103	Acidobacteria	0.000498886
BACasv536	0.00206866	0.000869401	0.000684073	0	0	0	0	0	Proteobacteria	0.000452767
BACasv537	0	0.000869401	0.00057006	0	0	0	0.000910628	0.001325954	Actinobacteria	0.000459505
BACasv538	0	0	0.001083115	0.000966427	0	0	0	0	Proteobacteria	0.000256193
BACasv539	0	0.000604801	0.000855091	0.001806799	0	0	0	0	Acidobacteria	0.000408336
BACasv540	0	0	0	0	0	0.000569942	0	0	Actinobacteria	7.12E-05
BACasv541	0	0	0	0	0	0.000569942	0	0	Firmicutes	7.12E-05
BACasv544	0	0	0	0	0	0	0	0.001325954	Actinobacteria	0.000165744
BACasv545	0.000591046	0	0.001026109	0.000630279	0	0	0	0.002190707	Proteobacteria	0.000554768
BACasv548	0	0	0	0	0	0.000173461	0	0	Acidobacteria	2.17E-05
BACasv549	0	0	0	0	0	0.000173461	0	0	Bacteroidetes	2.17E-05
BACasv550	0	0.000831601	0	0.000504223	0	0	0.000780539	0.001383604	Actinobacteria	0.000437496
BACasv551	0.00103433	0.0004158	0.001254133	0.000462204	0	0	0	0	Verrucomicrobia	0.000395808
BACasv552	0.00039403	0.000529201	0	0.000924409	0	0	0	0	Acidobacteria	0.000230955
BACasv553	0	0.0003402	0.001140121	0.000924409	0	0	0	0	Actinobacteria	0.000300591
BACasv554	0	0	0	0.000924409	0	0	0	0	Actinobacteria	0.000115551
BACasv555	0	0.000604801	0.000912097	0.000924409	0	0	0	0	Acidobacteria	0.000305163
BACasv556	0	0	0	0	0	0.000545162	0	0	Bacteroidetes	6.81E-05
BACasv557	0	0.000604801	0.000513054	0.000630279	0	0	0.001430987	0.001095353	Actinobacteria	0.000534309
BACasv558	0	0	0	0.000210093	0	0	0.001170808	0.001268304	Acidobacteria	0.000331151
BACasv559	0	0	0	0	0	0	0	0.001268304	Actinobacteria	0.000158538
BACasv561	0	0	0	0	0	0	0.000520359	0	Firmicutes	6.50E-05
BACasv562	0	0	0	0	0.000476594	0.000569942	0	0	FCPU426	0.000130817
BACasv563	0.00103433	0.000604801	0	0	0	0	0	0	Proteobacteria	0.000204891
BACasv564	0.00103433	0	0	0	0	0	0	0	Acidobacteria	0.000129291
BACasv565	0.00103433	0	0	0.000756334	0	0	0	0.000807103	Actinobacteria	0.000324721
BACasv566	0.003250751	0.002343602	0.002052218	0.002311021	0	0	0	0	Gemmatimonadetes	0.001244699
BACasv567	0	0.000793801	0	0.000672297	0	0	0	0	Verrucomicrobia	0.000183262
BACasv568	0	0	0	0.00088239	0	0	0	0	Actinobacteria	0.000110299
BACasv569	0	0	0	0	0	0.000520382	0	0	Proteobacteria	6.50E-05
BACasv570	0	0	0	0	0	0	0.001365943	0	Cyanobacteria	0.000170743
BACasv571	0	0.000642601	0	0	0	0	0.001365943	0.000922403	Chloroflexi	0.000366368
BACasv572	0	0	0	0	0	0	0	0.001210654	Actinobacteria	0.000151332
BACasv573	0	0	0	0	0	0	0	0.001210654	Proteobacteria	0.000151332
BACasv574	0.000344777	0	0	0	0	0	0	0.001210654	Actinobacteria	0.000194429
BACasv579	0	0	0	0	0.000370684	0	0	0	Chloroflexi	4.63E-05
BACasv580	0	0	0	0	0.000317729	0.000198241	0.000650449	0	Chloroflexi	0.000145802
BACasv581	0	0	0	0	0.000741368	0.000322141	0	0	Firmicutes	0.000132939
BACasv582	0.000985076	0	0	0	0	0	0	0	Proteobacteria	0.000123135
BACasv583	0.000985076	0	0	0	0	0	0	0	Proteobacteria	0.000123135
BACasv584	0.000985076	0.000718201	0	0	0	0	0.000390269	0.000634152	Chloroflexi	0.000340962
BACasv585	0.000985076	0.000378	0.000228024	0	0	0	0	0.000461201	Proteobacteria	0.000256538
BACasv586	0.000985076	0	0	0.000504223	0	0	0	0.000230601	Acidobacteria	0.000214988
BACasv588	0	0.000756001	0	0.000336149	0	0	0	0	Bacteroidetes	0.000136519
BACasv589	0	0.000756001	0	0	0	0	0	0	Gemmatimonadetes	9.45E-05
BACasv590	0.000788061	0.000756001	0.00057006	0.000546241	0	0	0	0	Gemmatimonadetes	0.000332545
BACasv591	0.000541792	0.000756001	0	0	0	0	0	0	Gemmatimonadetes	0.000162224
BACasv592	0	0.000189	0.001425151	0.000798353	0	0	0	0	Planctomycetes	0.000301563
BACasv593	0	0	0.001140121	0.000756334	0	0	0	0	Bacteroidetes	0.000237057
BACasv594	0.000689553	0.000718201	0.00057006	0.000840371	0	0	0	0.000634152	Chloroflexi	0.000431542
BACasv595	0.000640299	0.0004536	0.000912097	0.001638724	0	0	0.002081436	0.000691802	Rokubacteria	0.000802245
BACasv596	0	0	0	0	0	0.000495602	0	0	Firmicutes	6.20E-05
BACasv597	0	0	0	0	0.000529549	0.000495602	0	0	Chloroflexi	0.000128144
BACasv598	0	0	0	0	0	0	0.001300898	0	Actinobacteria	0.000162612
BACasv599	0	0	0	0	0	0	0.001300898	0	Chloroflexi	0.000162612
BACasv600	0.000640299	0	0	0	0	0	0.001300898	0	Chloroflexi	0.00024265
BACasv601	0	0	0	0	0	0	0.001300898	0	Cyanobacteria	0.000162612
BACasv602	0.000591046	0	0	0	0	0	0	0.001153004	Gemmatimonadetes	0.000218006
BACasv603	0.000788061	0.0004914	0.001026109	0	0	0	0	0.001153004	Proteobacteria	0.000432322
BACasv604	0	0	0	0	0	0	0	0.001153004	Firmicutes	0.000144126
BACasv605	0	0	0.000912097	0.000504223	0	0	0	0.001153004	Acidobacteria	0.000321166
BACasv607	0	0	0.000627066	0.000378167	0	0	0	0	Proteobacteria	0.000125654
BACasv610	0	0	0	0	0	0.000223021	0	0	Actinobacteria	2.79E-05
BACasv613	0.000886568	0.000718201	0	0	0	0	0	0	Actinobacteria	0.000200596
BACasv614	0.002758213	0.001701002	0.001254133	0.000672297	0	0.000272581	0	0.000749452	Gemmatimonadetes	0.00092596
BACasv615	0	0	0.001083115	0	0	0	0	0	Chloroflexi	0.000135389
BACasv616	0.000689553	0.000604801	0.001083115	0.000672297	0	0	0.001040718	0.000864753	Actinobacteria	0.000619405
BACasv617	0	0.000680401	0.000912097	0.000798353	0	0	0	0	Acidobacteria	0.000298856
BACasv618	0.000591046	0.000945001	0.000855091	0.000798353	0	0	0	0	Chloroflexi	0.000398686
BACasv619	0	0.0004158	0.001083115	0.00117652	0	0	0	0.000461201	Acidobacteria	0.00039208
BACasv620	0	0	0	0	0.001006143	0	0	0	Dependentiae	0.000125768
BACasv622	0	0	0	0	0	0.000470821	0	0	Proteobacteria	5.89E-05
BACasv623	0	0	0	0	0	0	0.001235853	0	Cyanobacteria	0.000154482
BACasv624	0.000985076	0.0004914	0	0	0	0	0.001235853	0.000576502	Gemmatimonadetes	0.000411104
BACasv625	0.000443284	0	0	0	0	0	0.001235853	0.000691802	Actinobacteria	0.000296367
BACasv626	0.000591046	0.000378	0	0	0	0	0.001105763	0.000576502	Actinobacteria	0.000331414
BACasv627	0	0	0	0.00029413	0	0	0.001105763	0.001095353	Proteobacteria	0.000311906
BACasv628	0	0	0.000456048	0	0	0	0	0.001095353	Chloroflexi	0.000193925
BACasv629	0	0	0	0	0	0	0	0.001095353	Actinobacteria	0.000136919
BACasv630	0	0.0001512	0	0	0	0	0	0.001095353	Chloroflexi	0.000155819
BACasv631	0	0	0	0	0	0	0.000975673	0.001095353	Actinobacteria	0.000258878
BACasv632	0	0	0.000399042	0	0	0	0	0.001095353	Proteobacteria	0.000186799
BACasv638	0.000886568	0	0	0	0	0	0	0.000749452	Proteobacteria	0.000204503
BACasv639	0.000886568	0.000529201	0.001140121	0.000714316	0	0	0	0	Bacteroidetes	0.000408776
BACasv640	0.000886568	0.0004914	0	0.000504223	0	0	0	0	Proteobacteria	0.000235274
BACasv641	0.000886568	0.000680401	0.001026109	0	0	0	0	0	Actinobacteria	0.000324135
BACasv642	0.000935822	0.000680401	0	0	0	0	0	0	Bacteroidetes	0.000202028
BACasv643	0	0.000680401	0	0	0	0	0	0.000691802	Chloroflexi	0.000171525
BACasv644	0	0	0	0	0.000953188	0	0	0	Actinobacteria	0.000119149
BACasv645	0	0	0	0	0	0.000446041	0	0	Euryarchaeota	5.58E-05
BACasv646	0	0	0	0	0	0.000446041	0	0	Acidobacteria	5.58E-05
BACasv647	0	0	0	0	0	0.000446041	0	0	Gemmatimonadetes	5.58E-05
BACasv648	0	0.000567001	0	0	0	0	0.001170808	0	Actinobacteria	0.000217226
BACasv651	0.001132838	0.000907201	0.000399042	0.000378167	0	0	0	0	Proteobacteria	0.000352156
BACasv652	0.000837315	0.0004158	0	0	0	0	0	0	Chloroflexi	0.000156639
BACasv653	0.000837315	0	0	0	0	0	0	0	Proteobacteria	0.000104664
BACasv654	0.000492538	0.000642601	0	0.000210093	0	0	0	0	Chloroflexi	0.000168154
BACasv655	0.000837315	0.000642601	0.000684073	0.000252111	0	0	0	0	Proteobacteria	0.000302013
BACasv656	0	0.000642601	0	0.00029413	0	0	0	0	Chloroflexi	0.000117091
BACasv657	0	0.000642601	0	0.000714316	0	0	0	0	Proteobacteria	0.000169615
BACasv658	0	0	0.000969103	0	0	0	0	0	Actinobacteria	0.000121138
BACasv659	0	0	0.000969103	0.000420186	0	0	0.000455314	0	Proteobacteria	0.000230575
BACasv661	0	0	0.000969103	0.000630279	0	0	0	0	Dependentiae	0.000199923
BACasv662	0	0	0.000969103	0	0	0	0	0.0001153	Proteobacteria	0.00013555
BACasv663	0	0	0.000342036	0.000714316	0	0	0	0	Proteobacteria	0.000132044
BACasv664	0	0	0	0.000714316	0	0	0	0	Chloroflexi	8.93E-05
BACasv665	0	0	0	0	0	0.000421261	0	0	Firmicutes	5.27E-05
BACasv666	0	0	0	0	0	0	0.001105763	0	Firmicutes	0.00013822
BACasv667	0	0.0004158	0	0	0	0	0.001105763	0.000518852	Actinobacteria	0.000255052
BACasv668	0	0	0.000342036	0.000420186	0	0	0	0.000980053	Bacteroidetes	0.000217784
BACasv671	0.000788061	0	0	0	0	0	0.000455314	0	Gemmatimonadetes	0.000155422
BACasv672	0	0	0	0	0.000688413	0.000223021	0	0	Bacteroidetes	0.000113929
BACasv673	0	0	0	0	0	0.00014868	0	0	Proteobacteria	0.000018585
BACasv674	0.000788061	0	0	0	0	0	0	0	Actinobacteria	9.85E-05
BACasv675	0.000788061	0.000567001	0	0	0	0	0	0	Gemmatimonadetes	0.000169383
BACasv676	0.00039403	0.000604801	0	0.000504223	0	0	0	0	Bacteroidetes	0.000187882
BACasv677	0	0.000604801	0	0	0	0	0	0	Acidobacteria	7.56E-05
BACasv679	0	0.000604801	0.000912097	0.000462204	0	0	0.000910628	0	Proteobacteria	0.000361216
BACasv680	0.000492538	0	0.000342036	0.000672297	0	0	0	0	Proteobacteria	0.000188359
BACasv681	0.000591046	0	0	0.000672297	0	0	0	0	Proteobacteria	0.000157918
BACasv682	0	0.0002646	0	0.000672297	0	0	0	0	Planctomycetes	0.000117112
BACasv683	0	0	0	0	0	0.000396481	0	0	Firmicutes	4.96E-05
BACasv684	0.000738807	0.0003024	0.000456048	0.000210093	0	0	0	0.000922403	Proteobacteria	0.000328719
BACasv685	0.000295523	0.000189	0.000399042	0.000504223	0	0	0	0.000922403	Chloroflexi	0.000288774
BACasv690	0	0	0	0	0	0.000198241	0	0	Cyanobacteria	2.48E-05
BACasv691	0.000738807	0.000567001	0	0	0	0	0	0	Bacteroidetes	0.000163226
BACasv692	0.000738807	0.000756001	0	0.000252111	0	0	0	0	Dependentiae	0.000218365
BACasv693	0.000738807	0	0.000741079	0	0	0	0	0	Actinobacteria	0.000184986
BACasv694	0.000738807	0.000680401	0.000684073	0	0	0	0	0	Gemmatimonadetes	0.00026291
BACasv695	0.000640299	0.000567001	0	0	0	0	0	0.000807103	Proteobacteria	0.0002518
BACasv696	0	0.000567001	0	0	0	0	0	0	Verrucomicrobia	7.09E-05
BACasv697	0	0.000567001	0	0	0	0	0	0	Planctomycetes	7.09E-05
BACasv698	0	0.000567001	0	0	0	0	0	0	Bacteroidetes	7.09E-05
BACasv699	0.001182091	0.000567001	0	0.000252111	0	0	0	0.000634152	Chloroflexi	0.000329419
BACasv700	0.000197015	0.001020601	0	0	0	0	0	0	Proteobacteria	0.000152202
BACasv702	0	0	0.000855091	0	0	0	0	0	Proteobacteria	0.000106886
BACasv703	0.000246269	0	0.000855091	0	0	0	0	0	Acidobacteria	0.00013767
BACasv704	0	0	0.000855091	0	0	0	0	0	Proteobacteria	0.000106886
BACasv705	0	0	0.000855091	0.000420186	0	0	0	0	Proteobacteria	0.00015941
BACasv706	0	0.0004536	0	0.000630279	0	0	0	0	Proteobacteria	0.000135485
BACasv707	0	0	0	0.000630279	0	0	0	0	Elusimicrobia	7.88E-05
BACasv708	0	0	0	0	0.000794323	0	0	0	Actinobacteria	9.93E-05
BACasv709	0	0	0	0	0	0.000371701	0	0	Firmicutes	4.65E-05
BACasv710	0	0	0	0	0	0	0.000975673	0	Proteobacteria	0.000121959
BACasv711	0.000443284	0	0	0	0	0	0	0.000864753	Proteobacteria	0.000163505
BACasv712	0	0	0	0	0	0.00014868	0	0	Proteobacteria	0.000018585
BACasv713	0.000689553	0.0002268	0	0	0	0	0	0	Actinobacteria	0.000114544
BACasv714	0.000492538	0.000529201	0	0	0	0	0	0	Bacteroidetes	0.000127717
BACasv715	0	0.000869401	0	0.00029413	0	0	0	0	Acidobacteria	0.000145441
BACasv717	0	0	0.000798085	0	0	0	0	0	Acidobacteria	9.98E-05
BACasv718	0	0	0	0.00058826	0	0	0	0	Acidobacteria	7.35E-05
BACasv719	0	0.0001134	0.000627066	0.00058826	0	0	0	0	Proteobacteria	0.000166091
BACasv720	0.000492538	0.0001512	0.000741079	0.00058826	0	0	0	0	Chlamydiae	0.000246635
BACasv721	0.000295523	0.000189	0	0.000756334	0	0	0.000780539	0.000345901	Chloroflexi	0.000295912
BACasv723	0	0	0	0	0	0.000346921	0	0	Armatimonadetes	4.34E-05
BACasv724	0	0	0	0	0	0	0	0.000807103	Proteobacteria	0.000100888
BACasv726	0	0	0	0	0	0.0001239	0	0	Cyanobacteria	1.55E-05
BACasv730	0.000640299	0.0003402	0	0	0	0	0	0	Proteobacteria	0.000122562
BACasv731	0.000147761	0.0004914	0	0	0	0	0	0	Planctomycetes	7.99E-05
BACasv732	0	0.0004914	0	0	0	0	0	0	Acidobacteria	0.000061425
BACasv733	0	0.0004914	0.00057006	0	0	0	0	0	Actinobacteria	0.000132683
BACasv734	0	0.000831601	0	0	0	0	0	0	Proteobacteria	0.00010395
BACasv735	0	0.0004914	0.00028503	0.000462204	0	0	0	0	Entotheonellaeota	0.000154829
BACasv736	0	0.0004914	0	0	0	0	0	0	Elusimicrobia	0.000061425
BACasv737	0	0.0004914	0	0	0	0	0	0	Elusimicrobia	0.000061425
BACasv738	0.000492538	0.0004914	0	0	0	0	0	0	Planctomycetes	0.000122992
BACasv739	0	0	0.000741079	0.000336149	0	0	0	0	Acidobacteria	0.000134654
BACasv740	0	0	0	0.000546241	0	0	0	0	Acidobacteria	6.83E-05
BACasv741	0	0	0	0.000546241	0	0	0	0	Actinobacteria	6.83E-05
BACasv742	0	0	0	0	0	0.000322141	0	0	Firmicutes	4.03E-05
BACasv743	0	0.0002646	0	0.00029413	0	0	0	0.000749452	Chloroflexi	0.000163523
BACasv744	0	0	0	0	0	0	0	0.000749452	Acidobacteria	9.37E-05
BACasv745	0	0	0	0	0	0	0	0.000749452	Chloroflexi	9.37E-05
BACasv746	0	0	0	0	0	0	0	0.000749452	Proteobacteria	9.37E-05
BACasv747	0	0	0	0	0	0	0	0.000749452	Firmicutes	9.37E-05
BACasv751	0.000591046	0	0	0	0	0	0	0	Proteobacteria	7.39E-05
BACasv752	0.000591046	0	0	0	0	0	0	0	Actinobacteria	7.39E-05
BACasv753	0.000591046	0.0004536	0	0	0	0	0	0	Proteobacteria	0.000130581
BACasv754	0.000591046	0	0	0.000420186	0	0	0	0	Planctomycetes	0.000126404
BACasv755	0.000591046	0	0	0	0	0	0	0	Proteobacteria	7.39E-05
BACasv756	0	0.0004536	0	0	0	0	0	0	Proteobacteria	0.0000567
BACasv757	0.00039403	0.0004536	0	0	0	0	0	0	Actinobacteria	0.000105954
BACasv758	0	0.0004536	0.000456048	0.00029413	0	0	0	0	Acidobacteria	0.000150472
BACasv759	0	0.0004536	0	0	0	0	0	0.000634152	Acidobacteria	0.000135969
BACasv760	0	0.0004536	0	0	0	0	0	0	Proteobacteria	0.0000567
BACasv761	0.00039403	0.0004536	0	0	0	0	0	0	Chloroflexi	0.000105954
BACasv762	0	0	0.000684073	0	0	0	0	0	Bacteroidetes	8.55E-05
BACasv763	0	0.000189	0.000684073	0.000378167	0	0	0	0	Proteobacteria	0.000156405
BACasv764	0	0	0.000684073	0	0	0	0	0	Proteobacteria	8.55E-05
BACasv765	0	0	0.000684073	0.000420186	0	0	0	0	Acidobacteria	0.000138032
BACasv766	0	0	0	0.000504223	0	0	0	0	Proteobacteria	6.30E-05
BACasv767	0	0	0.000513054	0.000504223	0	0	0	0	Bacteroidetes	0.00012716
BACasv768	0.000443284	0.000189	0	0.000504223	0	0	0	0	Verrucomicrobia	0.000142063
BACasv769	0	0	0	0	0	0.000297361	0	0	Firmicutes	3.72E-05
BACasv771	0	0	0	0	0	0	0.001105763	0	Proteobacteria	0.00013822
BACasv772	0	0	0	0	0	0	0.000780539	0	Chloroflexi	9.76E-05
BACasv775	0	0	0.000513054	0	0	0	0	0	Proteobacteria	6.41E-05
BACasv777	0.000541792	0.0002646	0	0	0	0	0	0	Proteobacteria	0.000100799
BACasv778	0.000541792	0.0002268	0.000456048	0.000336149	0	0	0	0	Proteobacteria	0.000195099
BACasv779	0.000246269	0.0004158	0.000228024	0.000210093	0	0	0	0	Proteobacteria	0.000137523
BACasv780	0.000443284	0.0004158	0	0.000378167	0	0	0	0	Bacteroidetes	0.000154656
BACasv781	0	0.0004158	0	0	0	0	0	0	Proteobacteria	0.000051975
BACasv782	0.000344777	0.0004158	0	0	0	0	0	0	Proteobacteria	9.51E-05
BACasv783	0	0.0004158	0	0	0	0	0	0	Actinobacteria	0.000051975
BACasv784	0.00039403	0.0004158	0	0	0	0	0	0	Chloroflexi	0.000101229
BACasv785	0	0.0004158	0	0	0	0	0	0	Chloroflexi	0.000051975
BACasv786	0	0	0.000627066	0	0	0	0	0	Acidobacteria	7.84E-05
BACasv787	0	0	0	0.000462204	0	0	0	0	Actinobacteria	5.78E-05
BACasv788	0	0	0	0	0	0.000272581	0	0	Proteobacteria	3.41E-05
BACasv789	0	0	0	0	0	0.000272581	0	0	Proteobacteria	3.41E-05
BACasv790	0	0	0	0	0	0	0.000715494	0	Chloroflexi	8.94E-05
BACasv791	0	0	0	0	0	0	0.000715494	0	Proteobacteria	8.94E-05
BACasv792	0.000443284	0	0	0.000252111	0	0.000247801	0	0.000634152	Chloroflexi	0.000197169
BACasv793	0	0	0	0	0	0.000173461	0	0	Cyanobacteria	2.17E-05
BACasv796	0	0	0	0	0	0.000223021	0	0	Chloroflexi	2.79E-05
BACasv798	0.000492538	0	0	0	0	0	0	0	Proteobacteria	6.16E-05
BACasv799	0.000492538	0.0002646	0	0	0	0	0	0	Proteobacteria	9.46E-05
BACasv800	0.000492538	0	0	0	0	0	0	0	Proteobacteria	6.16E-05
BACasv801	0.000492538	0	0	0	0	0	0	0	Bacteroidetes	6.16E-05
BACasv802	0.000492538	0	0	0	0	0	0	0	Proteobacteria	6.16E-05
BACasv803	0.000935822	0	0	0.000378167	0	0	0.000585404	0	Bacteroidetes	0.000237424
BACasv804	0.000492538	0	0	0	0	0	0	0	Chloroflexi	6.16E-05
BACasv805	0.000738807	0.000529201	0.000513054	0.000798353	0	0	0.000520359	0.000403551	Chloroflexi	0.000437916
BACasv806	0	0.000378	0	0	0	0	0	0	Verrucomicrobia	0.00004725
BACasv807	0.000197015	0.000680401	0.000399042	0.000126056	0	0	0	0	Planctomycetes	0.000175314
BACasv808	0	0.000378	0	0	0	0	0	0	Acidobacteria	0.00004725
BACasv809	0	0.000378	0	0	0	0	0.000780539	0	Chloroflexi	0.000144817
BACasv810	0	0.000378	0	0	0	0	0	0	Proteobacteria	0.00004725
BACasv811	0.000443284	0.000378	0	0	0	0	0	0	Actinobacteria	0.000102661
BACasv812	0	0.000378	0.000513054	0	0	0	0	0	Proteobacteria	0.000111382
BACasv813	0	0.000378	0	0	0	0	0	0	Proteobacteria	0.00004725
BACasv814	0	0.000378	0	0	0	0	0	0	Actinobacteria	0.00004725
BACasv815	0	0.000378	0	0	0	0	0	0	Acidobacteria	0.00004725
BACasv816	0	0.000378	0	0	0	0	0	0	Proteobacteria	0.00004725
BACasv817	0	0	0.00057006	0	0	0	0	0	Proteobacteria	7.13E-05
BACasv818	0	0	0	0.000420186	0	0	0	0	Proteobacteria	5.25E-05
BACasv819	0	0	0	0.000420186	0	0	0	0	Acidobacteria	5.25E-05
BACasv820	0	0	0	0.000420186	0	0	0	0	Proteobacteria	5.25E-05
BACasv821	0	0	0.000456048	0.000420186	0	0	0	0	Acidobacteria	0.000109529
BACasv822	0	0	0	0.000420186	0	0	0	0	Gemmatimonadetes	5.25E-05
BACasv823	0.000295523	0	0.000912097	0.000798353	0	0	0	0	Dependentiae	0.000250747
BACasv824	0	0	0	0	0	0.000247801	0	0	Proteobacteria	3.10E-05
BACasv825	0	0	0	0	0	0	0.001235853	0	Cyanobacteria	0.000154482
BACasv826	0	0	0	0	0	0	0.000650449	0	Chloroflexi	8.13E-05
BACasv827	0	0	0	0	0	0	0.000650449	0	Proteobacteria	8.13E-05
BACasv828	0	0	0	0	0	0	0.000650449	0	Proteobacteria	8.13E-05
BACasv829	0	0	0	0	0	0	0	0.000576502	Acidobacteria	7.21E-05
BACasv833	0	0	0.000342036	0	0	0	0	0	Bacteroidetes	4.28E-05
BACasv836	0.000443284	0	0	0	0	0	0	0	Proteobacteria	5.54E-05
BACasv837	0.000443284	0	0	0	0	0	0	0	Nitrospirae	5.54E-05
BACasv838	0.000443284	0.0001134	0	0	0	0	0	0	Proteobacteria	6.96E-05
BACasv839	0.000443284	0	0	0.000252111	0	0	0	0	Proteobacteria	8.69E-05
BACasv840	0.000689553	0	0	0	0	0	0	0	Verrucomicrobia	8.62E-05
BACasv841	0.000443284	0.0003402	0	0	0	0	0	0	Proteobacteria	9.79E-05
BACasv842	0.000443284	0	0	0	0	0	0	0	Chloroflexi	5.54E-05
BACasv843	0.000443284	0	0	0	0	0	0	0	Proteobacteria	5.54E-05
BACasv844	0.000443284	0	0	0	0	0	0	0	Bacteroidetes	5.54E-05
BACasv845	0.000443284	0	0	0	0	0	0	0	Actinobacteria	5.54E-05
BACasv846	0.000443284	0	0	0	0	0	0	0	Proteobacteria	5.54E-05
BACasv847	0	0.0003402	0	0	0	0	0	0	Acidobacteria	0.000042525
BACasv848	0	0.0003402	0	0	0	0	0	0	Verrucomicrobia	0.000042525
BACasv849	0	0.0003402	0	0	0	0	0	0	Proteobacteria	0.000042525
BACasv850	0	0.0003402	0.000456048	0	0	0	0	0	Proteobacteria	0.000099531
BACasv851	0	0	0.000513054	0	0	0	0	0	Verrucomicrobia	6.41E-05
BACasv852	0.000246269	0.0002646	0.000684073	0	0	0	0	0	Proteobacteria	0.000149368
BACasv853	0	0	0.000513054	0	0	0	0	0	Planctomycetes	6.41E-05
BACasv854	0	0	0.000513054	0	0	0	0	0	Proteobacteria	6.41E-05
BACasv855	0	0	0.000513054	0	0	0	0	0	Proteobacteria	6.41E-05
BACasv856	0	0	0	0.000378167	0	0	0	0	Elusimicrobia	4.73E-05
BACasv857	0	0	0	0.000378167	0	0	0	0	Proteobacteria	4.73E-05
BACasv858	0	0	0	0.000378167	0	0	0	0	Acidobacteria	4.73E-05
BACasv859	0	0	0	0	0	0.000223021	0	0	Patescibacteria	2.79E-05
BACasv860	0	0	0	0	0	0	0	0.000518852	Chloroflexi	6.49E-05
BACasv861	0	0.0002646	0	0	0	0	0	0.000518852	Chloroflexi	9.79E-05
BACasv862	0	0	0	0	0	0	0	0.000518852	Proteobacteria	6.49E-05
BACasv863	0	0	0	0	0	0	0	0.000518852	Actinobacteria	6.49E-05
BACasv864	0	0	0	0	0	0	0	0.000518852	Actinobacteria	6.49E-05
BACasv870	0	0.0001134	0	0	0	0	0	0	Dependentiae	0.000014175
BACasv873	0.000689553	0.0001512	0	0	0	0	0	0	Gemmatimonadetes	0.000105094
BACasv874	0.00039403	0.0002646	0	0	0	0	0	0	Proteobacteria	8.23E-05
BACasv875	0	0.0003024	0	0	0	0	0	0	Acidobacteria	0.0000378
BACasv876	0	0.0003024	0.00028503	0.000336149	0	0	0	0	WS2	0.000115447
BACasv877	0	0.0003024	0	0	0	0	0	0	Proteobacteria	0.0000378
BACasv878	0	0.0003024	0.00028503	0	0	0	0	0	Acidobacteria	7.34E-05
BACasv879	0	0.0003024	0	0	0	0	0	0	Proteobacteria	0.0000378
BACasv880	0	0	0.000456048	0	0	0	0	0	Bacteroidetes	0.000057006
BACasv881	0	0	0.000456048	0	0	0	0	0	Proteobacteria	0.000057006
BACasv882	0.000246269	0.0002646	0.000456048	0	0	0	0	0	Planctomycetes	0.000120865
BACasv883	0	0	0.000456048	0	0	0	0	0	Proteobacteria	0.000057006
BACasv884	0.000295523	0	0.000456048	0.00029413	0	0	0	0	Bacteroidetes	0.000130713
BACasv885	0	0	0	0.000336149	0	0	0	0	Proteobacteria	4.20E-05
BACasv886	0	0	0	0.000336149	0	0	0	0	Bacteroidetes	4.20E-05
BACasv887	0	0.0002268	0.000114012	0.000336149	0	0	0	0	Proteobacteria	8.46E-05
BACasv888	0	0	0	0.000336149	0	0	0	0	Proteobacteria	4.20E-05
BACasv889	0	0	0	0	0.000423639	0	0	0	Firmicutes	5.30E-05
BACasv890	0	0	0	0	0.000423639	0.000198241	0	0	Cyanobacteria	0.000077735
BACasv891	0	0	0	0	0	0	0.000520359	0	Chloroflexi	6.50E-05
BACasv892	0	0	0	0	0	0	0.000520359	0	Proteobacteria	6.50E-05
BACasv893	0	0	0	0	0	0	0.000520359	0	Firmicutes	6.50E-05
BACasv894	0	0	0	0	0	0	0	0.000461201	Proteobacteria	5.77E-05
BACasv895	0	0	0	0	0	0	0	0.000461201	Bacteroidetes	5.77E-05
BACasv896	0	0	0	0	0	0	0	0.000461201	Actinobacteria	5.77E-05
BACasv904	0.000344777	0	0	0	0	0	0	0	Actinobacteria	4.31E-05
BACasv905	0.000344777	0	0	0	0	0	0	0	Proteobacteria	4.31E-05
BACasv906	0.000689553	0	0	0	0	0	0	0	Acidobacteria	8.62E-05
BACasv907	0.000344777	0	0	0	0	0	0	0	Proteobacteria	4.31E-05
BACasv908	0	0.0002646	0	0	0	0	0	0	Proteobacteria	0.000033075
BACasv909	0	0.0002646	0	0	0	0	0	0	Chloroflexi	0.000033075
BACasv910	0	0.0002646	0	0	0	0	0	0	Proteobacteria	0.000033075
BACasv911	0	0.0002646	0	0	0	0	0	0	Nitrospirae	0.000033075
BACasv912	0	0	0.000399042	0.000252111	0	0	0	0	Proteobacteria	8.14E-05
BACasv913	0	0	0	0.00029413	0	0	0	0	Bacteroidetes	3.68E-05
BACasv914	0.000147761	0	0	0.00029413	0	0	0	0	Planctomycetes	5.52E-05
BACasv915	0	0	0.000228024	0.00029413	0	0	0	0	Latescibacteria	6.53E-05
BACasv916	0	0	0	0.00029413	0	0	0	0	Proteobacteria	3.68E-05
BACasv917	0	0	0	0.00029413	0	0	0	0	Firmicutes	3.68E-05
BACasv918	0	0	0	0	0	0.000173461	0	0	Bacteroidetes	2.17E-05
BACasv919	0	0	0	0	0	0.000173461	0	0	Planctomycetes	2.17E-05
BACasv920	0	0	0	0	0	0.000173461	0	0	Firmicutes	2.17E-05
BACasv921	0	0	0	0	0	0	0.000455314	0	Cyanobacteria	5.69E-05
BACasv922	0	0	0	0	0	0	0	0.000403551	Firmicutes	5.04E-05
BACasv923	0	0	0	0	0	0	0	0.000403551	Chloroflexi	5.04E-05
BACasv924	0	0	0	0	0	0	0	0.000403551	Bacteroidetes	5.04E-05
BACasv938	0.000295523	0	0	0	0	0	0	0	Bacteroidetes	3.69E-05
BACasv939	0.000295523	0	0	0	0	0	0	0	Firmicutes	3.69E-05
BACasv940	0.000295523	0	0	0	0	0	0	0	Acidobacteria	3.69E-05
BACasv941	0.000295523	0	0	0	0	0	0	0	Acidobacteria	3.69E-05
BACasv942	0.000295523	0	0	0	0	0	0	0	Gemmatimonadetes	3.69E-05
BACasv943	0.000295523	0	0	0	0	0	0	0	Rokubacteria	3.69E-05
BACasv944	0.000295523	0	0	0	0	0	0	0	Proteobacteria	3.69E-05
BACasv945	0.000197015	0.0002268	0	0.000126056	0	0	0	0	Acidobacteria	6.87E-05
BACasv946	0	0.0002268	0	0	0	0	0	0	Chlamydiae	0.00002835
BACasv947	0	0.0002268	0	0	0	0	0	0	Proteobacteria	0.00002835
BACasv948	0	0.0002268	0	0	0	0	0	0	Chloroflexi	0.00002835
BACasv949	0	0.0002268	0	0	0	0	0	0	Planctomycetes	0.00002835
BACasv950	0	0.0002268	0.000228024	0	0	0	0	0	Actinobacteria	0.000056853
BACasv951	0	0	0.000342036	0	0	0	0	0	Armatimonadetes	4.28E-05
BACasv952	0	0	0.000342036	0	0	0	0	0	Actinobacteria	4.28E-05
BACasv953	0	0	0.000171018	0.000252111	0	0	0	0	Planctomycetes	5.29E-05
BACasv954	0	0	0	0.000252111	0	0	0	0	Bacteroidetes	3.15E-05
BACasv955	0	0	0	0.000252111	0	0	0	0	Chlamydiae	3.15E-05
BACasv956	0.000246269	0	0	0.000252111	0	0	0	0	Proteobacteria	6.23E-05
BACasv957	0	0	0	0	0	0.00014868	0	0	Proteobacteria	0.000018585
BACasv958	0	0	0	0	0	0.00014868	0	0	Firmicutes	0.000018585
BACasv959	0	0	0	0	0	0	0.000390269	0	Gemmatimonadetes	4.88E-05
BACasv960	0	0	0	0	0	0	0	0.000345901	Actinobacteria	4.32E-05
BACasv961	0	0	0	0	0	0	0	0.000345901	Actinobacteria	4.32E-05
BACasv973	0.000246269	0	0	0	0	0	0	0	Bacteroidetes	3.08E-05
BACasv974	0.000246269	0.0001512	0	0	0	0	0	0	Proteobacteria	4.97E-05
BACasv975	0.000246269	0	0	0	0	0	0	0	Actinobacteria	3.08E-05
BACasv976	0.000246269	0	0	8.40E-05	0	0	0	0	Chloroflexi	4.13E-05
BACasv977	0.000197015	0.000189	0	0	0	0	0	0	Proteobacteria	4.83E-05
BACasv978	0	0.000189	0	0	0	0	0	0	Planctomycetes	0.000023625
BACasv979	0	0.000189	0	0	0	0	0	0	Gemmatimonadetes	0.000023625
BACasv980	0	0.000189	0	0	0	0	0	0	Bacteroidetes	0.000023625
BACasv982	0	0	0.00028503	0	0	0	0	0	Proteobacteria	3.56E-05
BACasv983	0	0	0	0.000210093	0	0	0	0	Proteobacteria	2.63E-05
BACasv984	0	0	0	0.000210093	0	0	0	0	Armatimonadetes	2.63E-05
BACasv985	0	0	0.000228024	0.000210093	0	0	0	0	Proteobacteria	5.48E-05
BACasv986	0	0	0	0	0.000264774	0	0	0	Cyanobacteria	3.31E-05
BACasv987	0	0	0	0	0	0.0001239	0	0	Bacteroidetes	1.55E-05
BACasv988	0	0	0	0	0	0.0001239	0	0	Dependentiae	1.55E-05
BACasv989	0	0	0	0	0	0	0.000325224	0	Proteobacteria	0.000040653
BACasv990	0	0	0	0	0	0	0.000325224	0	Actinobacteria	0.000040653
BACasv991	0	0	0	0	0	0	0.000325224	0	Cyanobacteria	0.000040653
BACasv992	0	0	0	0	0	0	0	0.000288251	Chloroflexi	3.60E-05
BACasv998	0.000197015	0	0.000114012	0	0	0	0	0	Verrucomicrobia	3.89E-05
BACasv999	0.000197015	0	0	0	0	0	0	0	Bacteroidetes	2.46E-05
BACasv1000	0	0.0001512	0	0	0	0	0	0	Proteobacteria	0.0000189
BACasv1001	0	0.0001512	0	0	0	0	0	0	Proteobacteria	0.0000189
BACasv1002	0	0.0001512	0	0	0	0	0	0	Bacteroidetes	0.0000189
BACasv1003	0	0.0001512	0	0.000126056	0	0	0	0	Gemmatimonadetes	0.000034657
BACasv1004	0	0.0001512	0	0	0	0	0	0	Proteobacteria	0.0000189
BACasv1005	0	7.56E-05	0.000228024	0	0	0	0.000195135	0	Patescibacteria	6.23E-05
BACasv1006	0	0	0.000228024	0	0	0	0	0	Acidobacteria	0.000028503
BACasv1007	0	0	0	0.000168074	0	0	0	0	Proteobacteria	2.10E-05
BACasv1008	0	0	0	0.000168074	0	0	0	0	Acidobacteria	2.10E-05
BACasv1009	0	0.0001134	0	0.000168074	0	0	0	0	Chloroflexi	3.52E-05
BACasv1011	0	0	0	0	0	0	0.00026018	0	Chloroflexi	3.25E-05
BACasv1012	0	0	0	0	0	0	0.00026018	0	Chloroflexi	3.25E-05
BACasv1013	0	0	0	0	0	0	0.00026018	0	Cyanobacteria	3.25E-05
BACasv1014	0	0	0	0	0	0	0.00026018	0	Actinobacteria	3.25E-05
BACasv1020	0.000147761	0	0	0	0	0	0	0	Bacteroidetes	1.85E-05
BACasv1021	0.000147761	0.0001134	0	0	0	0	0	0	Chloroflexi	3.26E-05
BACasv1022	0	0.0001134	0	0	0	0	0	0	Planctomycetes	0.000014175
BACasv1023	0	0.0001134	0.000114012	0	0	0	0	0	Planctomycetes	2.84E-05
BACasv1024	0	0	0.00028503	0	0	0	0	0	Chlamydiae	3.56E-05
BACasv1025	0	0	0.000114012	0.000126056	0	0	0	0	Proteobacteria	3.00E-05
BACasv1026	0	0	0	0.000126056	0	0	0	0	Proteobacteria	0.000015757
BACasv1027	0	0	0	0.000126056	0	0	0	0	Chlamydiae	0.000015757
BACasv1029	0	0	0	0	0	0	0.000195135	0	Chloroflexi	2.44E-05
BACasv1030	0	0	0	0	0	0	0	0.000172951	Cyanobacteria	2.16E-05
BACasv1041	0	0	0.000114012	0	0	0	0	0	Chloroflexi	1.43E-05
BACasv1042	0	0	0.000114012	0	0	0	0	0	Bacteroidetes	1.43E-05
BACasv1045	0	0	0	0	0	0	0.00013009	0	Cyanobacteria	1.63E-05
BACasv1046	0	0	0	0	0	0	0	0.0001153	Bacteroidetes	1.44E-05
