nodes_id	within_module_connectivities	among_module_connectivities	degree	modularity
FUNasv1	-0.0325113420382771	0.490580545943868	51	3
FUNasv10	0.868536727472445	0.392960570282914	67	2
FUNasv103	0.65252759317878	0.394053917863442	63	2
FUNasv104	0.94282891911004	0.496409077851192	59	3
FUNasv114	-0.93153939164143	0.431020408163265	35	2
FUNasv115	-1.00354243640599	0.422405876951331	33	2
FUNasv116	0.36451541412056	0.345679012345679	54	2
FUNasv12	0.940539772237	0.355029585798817	65	2
FUNasv124	0.747760866880376	0.499479708636837	62	3
FUNasv127	0.436518458885115	0.469649233354337	69	2
FUNasv128	-2.37160028693253	0	4	2
FUNasv129	0.79653368270789	0.4234404536862	69	2
FUNasv134	0.292512369356005	0.046485260770975	42	2
FUNasv135	0.552692814650713	0.4966406879871	61	3
FUNasv14	-0.617715498727267	0.496326530612245	35	3
FUNasv140	-0.715249524842099	0.482103725346969	37	3
FUNasv142	0.65252759317878	0.422405876951331	66	2
FUNasv15	-2.08358810787431	0	8	2
FUNasv155	0.868536727472445	0.345679012345679	63	2
FUNasv16	0.455158788535881	0.474173553719008	44	3
FUNasv160	-0.0675028544667703	0.435742257030972	53	2
FUNasv162	1.08454586176611	0.401234567901235	72	2
FUNasv164	-0.0675028544667703	0.41522491349481	51	2
FUNasv168	0.50852150364967	0.301783264746228	54	2
FUNasv169	1.15654890653066	0.330585876587213	67	2
FUNasv17	-1.79557592881609	0.444444444444444	18	2
FUNasv176	-2.22759419740342	0	6	2
FUNasv179	-1.65156983928698	0.444444444444444	21	2
FUNasv189	-0.617715498727267	0.444444444444444	24	3
FUNasv20	1.04036294522487	0.490487514863258	58	3
FUNasv202	0.94282891911004	0.494649227110583	58	3
FUNasv203	0.650226840765545	0.498512396694215	55	3
FUNasv204	-0.812783550956931	0	14	3
FUNasv206	0.00450019029778469	0.0973044049967127	39	2
FUNasv208	0.455158788535881	0.297520661157025	33	3
FUNasv209	-1.78812381210525	0	4	3
FUNasv214	0.436518458885115	0.370575561711296	57	2
FUNasv216	-0.427518078289545	0.060546875	32	2
FUNasv220	-2.37160028693253	0	4	2
FUNasv227	-0.0675028544667703	0.444444444444444	54	2
FUNasv229	1.04036294522487	0.4966406879871	61	3
FUNasv23	-1.88565783822008	0	3	3
FUNasv234	0.50852150364967	0.437396449704142	65	2
FUNasv235	-1.20291965541626	0.165289256198347	11	3
FUNasv240	1.08454586176611	0.391985717119619	71	2
FUNasv241	-0.520181472612436	0.452662721893491	26	3
FUNasv242	-0.64352721258321	0.290657439446367	34	2
FUNasv247	0.79653368270789	0.431020408163265	70	2
FUNasv25	0.747760866880376	0.48	50	3
FUNasv262	0.580524548414225	0.277777777777778	54	2
FUNasv27	0.94282891911004	0.498790647675356	61	3
FUNasv292	0.148506279826895	0.13265306122449	42	2
FUNasv293	0.79653368270789	0.4608	75	2
FUNasv294	1.08454586176611	0.455	80	2
FUNasv296	1.01254281700155	0.4352	75	2
FUNasv30	0.747760866880376	0.48	50	3
FUNasv307	0.292512369356005	0.424016087331227	59	2
FUNasv318	-0.139505899231325	0.42	50	2
FUNasv320	1.04036294522487	0.499888616618401	67	3
FUNasv323	1.08454586176611	0.409832989303809	73	2
FUNasv33	-0.0675028544667703	0.452231404958678	55	2
FUNasv331	0.747760866880376	0.165289256198347	33	3
FUNasv341	0.79653368270789	0.450365922311878	73	2
FUNasv343	0.36451541412056	0.444444444444444	63	2
FUNasv344	-1.00785160318659	0	12	3
FUNasv356	0.79653368270789	0.465373961218837	76	2
FUNasv372	-0.859536346876875	0	25	2
FUNasv374	-0.715530257347765	0.326989619377163	34	2
FUNasv377	0.650226840765545	0.498512396694215	55	3
FUNasv38	0.35762476242105	0.497448979591837	56	3
FUNasv387	1.08454586176611	0.455	80	2
FUNasv39	-0.617715498727267	0.482853223593964	27	3
FUNasv395	-1.39798770764592	0.396694214876033	11	3
FUNasv401	0	0.56	10	1
FUNasv408	-1.20291965541626	0.57617728531856	19	3
FUNasv411	0.79653368270789	0.465373961218837	76	2
FUNasv412	0.747760866880376	0.499865627519484	61	3
FUNasv43	0.940539772237	0.355029585798817	65	2
FUNasv443	-1.20291965541626	0.57617728531856	19	3
FUNasv448	1.04036294522487	0.4966406879871	61	3
FUNasv456	0.94282891911004	0.489244444444444	75	3
FUNasv48	0.00450019029778469	0	37	2
FUNasv49	0.162556710191386	0.48261993679977	59	3
FUNasv490	0	0.56	10	1
FUNasv499	0.94282891911004	0.489795918367347	56	3
FUNasv5	0.50852150364967	0.456747404844291	68	2
FUNasv50	0.36451541412056	0.375	56	2
FUNasv51	0.868536727472445	0.345679012345679	63	2
FUNasv511	0	0.56	10	1
FUNasv52	-1.78812381210525	0	4	3
FUNasv53	-0.78753330211232	0.401234567901235	36	2
FUNasv537	0	0.56	10	1
FUNasv55	-1.39798770764592	0.396694214876033	11	3
FUNasv554	0.845294892995208	0	31	3
FUNasv578	-0.715530257347765	0.326989619377163	34	2
FUNasv58	0.260090736306218	0.494260204081633	56	3
FUNasv599	-0.715530257347765	0	27	2
FUNasv6	0.148506279826895	0.13265306122449	42	2
FUNasv600	0	0.56	10	1
FUNasv61	-1.50756374975787	0.36281179138322	21	2
FUNasv615	0	0.56	10	1
FUNasv62	0.50852150364967	0.437396449704142	65	2
FUNasv63	0.650226840765545	0.498790647675356	61	3
FUNasv65	-0.0675028544667703	0.459183673469388	56	2
FUNasv66	0.436518458885115	0.383472057074911	58	2
FUNasv68	-1.88565783822008	0	3	3
FUNasv683	0.747760866880376	0.165289256198347	33	3
FUNasv684	0	0.56	10	1
FUNasv7	-1.50756374975787	0.396694214876033	22	2
FUNasv71	0.455158788535881	0.489795918367347	63	3
FUNasv72	-0.812783550956931	0	14	3
FUNasv75	0.22050932459145	0.338331410995771	51	2
FUNasv77	-1.69058978599042	0	5	3
FUNasv79	-2.44360333169709	0	3	2
FUNasv8	-0.0325113420382771	0.473991997537704	57	3
FUNasv85	1.33296502356937	0.475725366274059	59	3
FUNasv9	1.01254281700155	0.351239669421488	66	2
FUNasv95	1.04036294522487	0.4966406879871	61	3
FUNasv99	-0.0675028544667703	0.42603550295858	52	2
