ASVID	Restore6_1	Restore6_2	Restore6_3	Restore6_4	Restore9_1	Restore9_2	Restore9_3	Restore9_4
FUNasv5	0.061583417	0.061906893	0.093224344	0.076780616	0.006377863	0.004715334	0.014902354	0.014552156
FUNasv6	0.001094427	0.001543369	0.001948738	0.007077266	0.001232782	0.000116428	0.001041298	0.000254186
FUNasv8	0.001477477	0.001405671	0.001767867	0.0051922	0.000163012	0.000256142	0.000972533	0.000460712
FUNasv9	0.019349472	0.009931495	0.01061887	0.011222206	0.031817997	0.105111189	0.058735117	0.069885299
FUNasv10	0.017270061	0.01648938	0.012124182	0.021650701	0.024329611	0.106077541	0.03922551	0.057366632
FUNasv12	0.016646237	0.020964577	0.029785347	0.040391124	0.005736001	0.001932705	0.009872687	0.005051949
FUNasv16	0.001083483	0.00152042	0.001960407	0.000440951	0.114709838	0.007311678	0.024401745	0.011104756
FUNasv20	0.010309504	0.006127578	0.007695764	0.010593851	0.029933165	0.012376295	0.019607843	0.01264576
FUNasv23	0.001291424	0.001124537	0.003127316	0.007485145	0.000845627	0.004936547	0.000491178	0.001985829
FUNasv25	0.009707569	0.002363822	0.002374659	0.001719709	0.030931616	0.011968797	0.02879288	0.018142535
FUNasv26	0.003742941	0.00422275	0.00345405	0.002127589	0.000478849	0.001303993	0.000648356	0
FUNasv27	0.00202469	0.001635168	0.002689725	0.002645707	0.000315837	0.001129351	0.001149358	0.000905538
FUNasv28	0.00105065	0.000539319	0.001102729	0.003924465	2.04E-05	0	2.95E-05	0
FUNasv30	0.000842709	0.000476207	0.000414253	0.001653567	6.11E-05	0.000104785	5.89E-05	9.53E-05
FUNasv33	0.013089349	0.013500178	0.011336519	0.002789016	0.000621485	0.000267784	0.000186648	0.000413052
FUNasv38	0.011360154	0.008370914	0.008956025	0.003252015	0.001253158	0.001758063	0.000933239	0.000667239
FUNasv39	0.048953728	0.041602121	0.040030806	0.026236592	0.021558399	0.029537781	0.01376282	0.01080291
FUNasv40	0.011633761	0.014005072	0.011972484	0.001146473	0.000611297	0.000593783	0.002151362	0.000508372
FUNasv43	0.000755155	0.001027	0.001551989	0.002700826	0.000224142	6.99E-05	0.000579591	9.53E-05
FUNasv48	0.011469597	0.008405338	0.003098143	0.005677246	0.003331567	0.000465712	0.002907776	0.002128809
FUNasv50	0	0.000131961	0.001213585	0.000551189	0.004543973	0.01314472	0.001807537	0.064849236
FUNasv51	0.000404938	0.000240972	0.000326734	0.000462999	0.001253158	0.005553615	0.001964714	0.002462428
FUNasv52	0.020093683	0.017057386	0.011103137	0.015565575	0.009923384	0.03594132	0.011581988	0.007434944
FUNasv55	0.000372105	0.003849817	0.00223463	0.00108033	0.014294156	0.003597625	0.015953476	0.002891367
FUNasv62	0.00901808	0.007240639	0.010350481	0.009491473	0.000916945	0.000849924	0.001522653	0.000730785
FUNasv63	0.012925185	0.012381379	0.014236287	0.008918237	0.00633711	0.007090465	0.00501002	0.003510946
FUNasv64	0.001937136	0.001669593	0.000490102	0.000716546	0.000152824	0	0	0
FUNasv65	5.47E-05	4.59E-05	8.17E-05	0.000374808	0.002037656	0.007835604	0.008124091	0.015092301
FUNasv66	0.000448715	0.000504894	0.000245051	0	0.003708534	0.005996041	0.003408778	0.018301401
FUNasv67	0	0	0	0	0.000152824	0	0	0
FUNasv68	0.000908375	0.000803241	0.0012836	0.001377972	9.17E-05	0.002165561	0	0.001127951
FUNasv72	0.001707306	0.001784341	0.001727025	0.002105542	0.000641862	0.001851205	0.000510826	0.000413052
FUNasv74	0.00128048	0.00062538	0.001651176	0.000540165	0.001436547	0.015845849	0.001728948	0.002589521
FUNasv75	0.001652585	0.001434358	0.001056052	0.001664591	0.000112071	0	0	0.000285959
FUNasv77	0.000262663	0.000384408	0.000851843	0.002061447	0.000254707	0.001222494	0.000167001	0.000508372
FUNasv79	0.00112726	0.009047931	0.000933527	0.000418904	0.001130899	0.002456631	0.001591418	0.001541003
FUNasv80	7.66E-05	0.000109011	0.000396749	0.000231499	0.000122259	0	0	0
FUNasv82	0.000142276	0	0.00166868	0.000529141	0.000509414	0.001245779	0.000736768	0.029660344
FUNasv85	0.002922121	0.002627744	0.004405081	0.001620495	0.000183389	0.000919781	0.000255413	0.000413052
FUNasv88	0.001105371	0.00482518	0.005350277	0.002337041	4.08E-05	0	0	0
FUNasv94	0.007956486	0.003924404	0.000688476	0	0.000366778	0	0.000618885	0
FUNasv95	0.000164164	0.00022376	0.000157533	0.000914974	0.00764121	0.004133194	0.006120083	0.001985829
FUNasv98	0.000328328	0.000321296	0.000332569	0.000540165	7.13E-05	0	7.86E-05	0
FUNasv99	0.001389923	0.001508945	0.001231089	0.001289782	0.000550167	0.000221213	0.000579591	0.001032631
FUNasv100	0.004552817	0.003551471	0.000437591	0.000925997	0.001711631	0.000593783	0.001188652	0
FUNasv103	0.001937136	0.002237599	0.001015211	0.002381136	0.005552612	0.015112353	0.009872687	0.005623868
FUNasv104	0.001072539	0.000734391	0.000420087	0.001455139	0.002516505	0.001501921	0.002681834	0.002271789
FUNasv107	0.007376439	0.010178205	0.005770364	0.005666222	0.00065205	0	0.000442061	0
FUNasv110	0.002342074	0.002868716	0.002409667	0.002182708	0.000305648	0	0	0
FUNasv111	0.000580046	0.000866352	0.00390331	0.004905581	9.17E-05	0	7.86E-05	0
FUNasv112	0.000952152	0.002082688	0.002205458	0.001069306	0.000407531	0	0	0
FUNasv114	0.002188854	0.000665542	0.003296517	0.00396856	0.00035659	0.00058214	0.001453888	0.000635465
FUNasv116	0	3.44E-05	0.000110856	0	0.000529791	0.001699849	0.009528862	0.001143838
FUNasv122	0.001378978	0.000946676	0.000688476	0.000121262	0.000315837	0	0.000471531	0
FUNasv124	0.000733266	0.001004051	0.002339652	0.002469326	0.000101883	0.000302713	0.000510826	0.000270073
FUNasv126	0.001543142	0.001600744	0.000309231	0.000220476	0.000305648	0.000139714	0.000334001	0
FUNasv128	0.000831765	0.00020081	0.004428419	0.00875288	0.000815062	0.001152637	0.001581595	0.000810218
FUNasv129	0.001554087	0.001904827	0.003448216	0.003196896	0.000254707	0.000104785	0.000108059	7.94E-05
FUNasv134	0.000612879	0.001417146	0.001242758	0.003461466	0.000631673	0	0.000481355	0.000413052
FUNasv135	0.001105371	0.001577794	0.001960407	0.002590588	0.000285272	0.00058214	0.000491178	0.000778445
FUNasv138	0.001641641	0.00384408	0.001382787	0.001664591	0.000173201	0	8.84E-05	0
FUNasv142	0.000481548	0.000218022	0.002631379	0.002502398	9.17E-05	8.15E-05	0.000127706	9.53E-05
FUNasv150	0.001488421	0.001761392	0.001464471	0.000121262	5.09E-05	0	0	0
FUNasv155	0.000273607	0.000120486	0.00025672	0.000374808	0.00100864	0.003795552	0.00110024	0.00146157
FUNasv160	0.00082082	0.001067162	0.000653469	0.000264571	0.000173201	0	0.000147354	0.000174753
FUNasv162	0	0	0	0	0.000173201	0.005728257	0.000176824	0.000540146
FUNasv164	0.005494024	0.004326024	0.001050218	0.000716546	0.000438096	3.49E-05	0.000108059	0.000111206
FUNasv168	0.001608808	0.000843403	0.000420087	0.000683474	0.000315837	0.000221213	0.000225942	0.00019064
FUNasv169	0.000580046	0.000757341	0.000268389	0.000363785	0.001110522	0.008534172	0.002141538	0.002875481
FUNasv176	0.000295495	0.000143436	0.000390914	0.000330713	0.000285272	0.000174642	0.000265236	0.000174753
FUNasv196	0.000339272	0.000344246	0	0	5.09E-05	0	0	0
FUNasv203	0.000196997	0.000315559	0	0.000242523	0.00195615	0.000384212	0.002131714	0.000349506
FUNasv204	0	0.000613905	0	0	0.000723368	0.000395855	0.001090416	0.000428939
FUNasv206	0.000207941	6.88E-05	2.92E-05	0	9.17E-05	0.005425544	0.000648356	0.000492486
FUNasv209	0.000503437	0.000476207	0.000274224	0.000374808	0.000183389	0.000826639	0.00027506	0.00014298
FUNasv210	0.000503437	0.000751604	0.000280058	0.000540165	9.17E-05	3.49E-05	4.91E-05	0
FUNasv214	0	0	7.00E-05	9.92E-05	0.000509414	0.000966352	0.000304531	0.000730785
FUNasv215	0.000186053	0.001141749	0.001015211	0.000848831	9.17E-05	0.000116428	8.84E-05	0
FUNasv220	0.000481548	0.000642592	0.000280058	0	0.000570544	0.000314356	0.000314354	0.000524259
FUNasv222	0.000372105	0.000493419	0.000501771	0.000429927	3.06E-05	4.66E-05	0	0
FUNasv227	0.000711378	0.000803241	0.000525109	0.000352761	7.13E-05	6.99E-05	8.84E-05	0.000333619
FUNasv229	0.000120387	8.61E-05	7.00E-05	0.000110238	0.000743744	0.000256142	0.000314354	0.000270073
FUNasv234	0.000798932	0.000791766	0.001371118	0.001135449	0.000264895	0.000174642	0.000422413	4.77E-05
FUNasv240	3.28E-05	0	0	0	0.000224142	0.00166492	0.000726944	0.000857878
FUNasv243	9.85E-05	0.000149173	0.000484267	0.000220476	0.000407531	0	2.95E-05	0
FUNasv247	0	0	0	0	7.13E-05	0.000756782	0.001365476	0.000397166
FUNasv250	0.000525325	0.000481944	0.000332569	0	0.000203766	0	0	0
FUNasv262	0	9.18E-05	0.00012836	0.000110238	0.00029546	0.001676563	0.00041259	0.000413052
FUNasv274	0.00112726	0.000883565	0	0	9.17E-05	0	0	0
FUNasv290	0.000109443	2.87E-05	0.000402584	0.000275594	0.000173201	0	0	0
FUNasv292	0.00015322	8.03E-05	3.50E-05	0	0.000122259	0.000477355	0.000284883	0.000397166
FUNasv293	0	0	0	0	0.000387155	0.000477355	0.000432237	0.000270073
FUNasv294	0	0	0	0	0.000376966	0.000407498	0.000334001	0.000460712
FUNasv296	0	0	0	0	0.000183389	0.000256142	0.000245589	0.000381279
FUNasv307	0.000120387	9.18E-05	9.92E-05	0.000132285	0.00029546	0.000605426	0.000402766	0.00019064
FUNasv310	0	0	0	0	0.000478849	0	0	0
FUNasv312	0	0.000269659	0.00025672	0	0.000152824	0	0	0
FUNasv317	0	0	0	0	7.13E-05	0.000454069	0	0
FUNasv318	0	0	5.25E-05	5.51E-05	0.000101883	0.000407498	0.000383119	0.000158866
FUNasv320	0	0	0	7.72E-05	0.000213954	0.000162999	0.000314354	0.000460712
FUNasv323	0	2.87E-05	0	0	0.000101883	0.00108278	0.000176824	0.000158866
FUNasv331	0	0	0	0	0.00035659	0	0.000334001	0.000444826
FUNasv341	0	0	0	0	0.000275084	0.000849924	0.000117883	9.53E-05
FUNasv343	0	0	0	4.41E-05	0.000203766	0.00058214	0.000284883	0.000111206
FUNasv344	0.000120387	0	0.000105022	0	0.000122259	0	0.000844827	0.000524259
FUNasv356	0	0	0	0	0.000264895	0.000325998	0.00013753	0.00019064
FUNasv368	5.47E-05	6.31E-05	9.34E-05	4.41E-05	3.06E-05	0	4.91E-05	0
FUNasv372	7.66E-05	6.88E-05	0	0	6.11E-05	0.000104785	7.86E-05	0.00019064
FUNasv386	0	0	0	0	0.000611297	0	0	0
FUNasv387	0	0	0	0	0.000101883	0.000162999	8.84E-05	0.000428939
FUNasv404	0	0.000154911	0.000145864	0	5.09E-05	0	0	0
FUNasv411	0	0	0	0	0.000163012	0.00029107	2.95E-05	7.94E-05
FUNasv412	0.000142276	4.02E-05	0	0	0.000468661	0.000174642	0.000167001	0.000254186
FUNasv424	0	5.16E-05	8.17E-05	0	5.09E-05	0	0	0
FUNasv441	0	0	0	0	0.00029546	0	8.84E-05	0
FUNasv442	0	0	0	0	0.000244519	0	0.00013753	0
FUNasv448	9.85E-05	4.02E-05	0	8.82E-05	0.000132448	0.000104785	0.000127706	0.000111206
FUNasv450	7.66E-05	0.000160648	1.75E-05	0	4.08E-05	0	0	0
FUNasv456	0	0	0	0	0.000101883	8.15E-05	2.95E-05	0.000206526
FUNasv460	3.28E-05	0	6.42E-05	0.000143309	3.06E-05	0	0	0
FUNasv462	0	0	0	0	9.17E-05	0.000256142	0	0
FUNasv471	3.28E-05	0	8.17E-05	0.00031969	6.11E-05	0	0	0
FUNasv481	0	0	0	0	6.11E-05	0	0.000206295	0
FUNasv495	0	0	0	0	0.000254707	0	0	0
FUNasv498	0	0	0	0	0.000244519	0	0	0
FUNasv499	2.19E-05	0	1.75E-05	0	0.000173201	0.000139714	0.000235766	0.000158866
FUNasv525	0	0	0	0	0.000112071	0	8.84E-05	0
FUNasv554	0	0	0	0	0.000163012	0	0.000127706	0.00014298
FUNasv583	0	0	0	0	9.17E-05	4.66E-05	0	0
FUNasv596	0	0	0	0	0.000122259	0	0	0
FUNasv597	0	0	0	0	0.000122259	0	0	0
FUNasv612	0	0	0	0	0.000112071	0	0	0
FUNasv623	0	0	0	0	0.000101883	0	0	0
FUNasv641	0	0	0	0	2.04E-05	8.15E-05	0	0
FUNasv683	0	0	0	0	6.11E-05	0	4.91E-05	0.000111206
