nodes_id	within_module_connectivities	among_module_connectivities	degree	modularity
Alaimus	0.692627289110526	0.192520775623269	38	2
Aphelenchus	0.681994628069621	0.48	30	1
BACasv1	0.563861211224795	0.207644628099174	88	3
BACasv10	0.984009257990248	0.0219753086419753	90	3
BACasv101	0.64025176518215	0.212534718029224	91	3
BACasv1034	0.692627289110526	0.192520775623269	38	2
BACasv11	0.525665934246117	0.209010437310081	87	3
BACasv110	0.105517887480663	0.192841490138787	74	3
BACasv114	-1.99522234634661	0.391111111111111	15	3
BACasv116	-1.25639368722375	0.244897959183674	14	2
BACasv12	0.678447042160828	0.0240928019036288	82	3
BACasv123	-0.824542685575976	0.428061831153389	29	1
BACasv124	0.602056488203472	0.24976370510397	92	3
BACasv128	0.945813981011571	0.0222194167403106	89	3
BACasv129	-0.902026236981151	0.530636525877454	41	2
BACasv13	0.372884826331407	0.180155464106081	81	3
BACasv131	-0.352825436263468	0	54	3
BACasv139	0.029127333523308	0.412736160655304	87	3
BACasv143	-0.0027950599511051	0.499054820415879	23	1
BACasv145	1.09859508892628	0	92	3
BACasv148	0.602056488203472	0.0481633897271757	81	3
BACasv153	-1.07853569885834	0	35	3
BACasv156	0.907618704032893	0.0840478203115566	91	3
BACasv157	-1.30770736073041	0.120707596253902	31	3
BACasv160	-1.69935300002699	0.568370986920333	29	2
BACasv17	0.79303287309686	0.0232525951557093	85	3
BACasv173	1.21318091986231	0.235537190082645	110	3
BACasv176	0.678447042160828	0.109518658734451	86	3
BACasv177	1.77765812890278	0.2265625	32	1
BACasv18	-0.13975299755525	0.48	35	1
BACasv182	-0.961500623180121	0.197530864197531	9	1
BACasv187	0.678447042160828	0.0240928019036288	82	3
BACasv19	0.79303287309686	0.0665873959571938	87	3
BACasv2	0.64025176518215	0	80	3
BACasv207	1.28957147381967	0.140770975056689	105	3
BACasv21	0.678447042160828	0.109518658734451	86	3
BACasv215	-0.543801821156856	0.331425598335068	62	3
BACasv22	0.678447042160828	0.129739727837231	87	3
BACasv221	-1.23131680677305	0	31	3
BACasv223	-0.370475061617258	0.46768170066073	59	2
BACasv23	-0.276710935159395	0.438271604938272	18	1
BACasv231	1.09286844088206	0.422405876951331	33	1
BACasv242	-1.76605068447454	0	17	3
BACasv25	0.945813981011571	0.0838846880907372	92	3
BACasv26	-1.61076113746634	0.601899196493791	37	2
BACasv27	0.907618704032893	0.137845178813943	94	3
BACasv28	0.754837596118183	0.234157986111111	96	3
BACasv285	-0.724842511859853	0.524930747922438	38	2
BACasv287	-1.72785540749586	0.244897959183674	21	3
BACasv29	0.64025176518215	0.319967350270381	99	3
BACasv299	0.692627289110526	0.192520775623269	38	2
BACasv3	0.754837596118183	0.225152354570637	95	3
BACasv30	0.678447042160828	0.266710069444444	96	3
BACasv31	0.334689549352729	0.18	80	3
BACasv32	0.105517887480663	0.270874424720579	78	3
BACasv33	0.64025176518215	0.319967350270381	99	3
BACasv347	1.75572963983831	0.404296875	64	2
BACasv36	0.602056488203472	0.255752110070528	93	3
BACasv37	-1.61076113746634	0.652777777777778	24	2
BACasv39	0.678447042160828	0.275480922520991	97	3
BACasv4	0.64025176518215	0.090702947845805	84	3
BACasv412	-1.99522234634661	0.417777777777778	15	3
BACasv42	0.754837596118183	0.108729338842975	88	3
BACasv47	-0.96394986792231	0.309642372114079	47	3
BACasv48	-2.30078456217603	0.380622837370242	17	3
BACasv49	0.955910503277911	0.486530612244898	35	1
BACasv496	-0.696582929071567	0.18	50	3
BACasv5	0.181908441438018	0.104938271604938	72	3
BACasv50	-1.37237443599256	0.459183673469388	14	1
BACasv528	-0.429215990220823	0.103140495867769	55	3
BACasv533	-1.23541649838841	0	6	1
BACasv54	0.563861211224795	0.205578512396694	88	3
BACasv541	0.692627289110526	0.192520775623269	38	2
BACasv562	0.754837596118183	0	83	3
BACasv579	-1.37237443599256	0.233747260774288	37	1
BACasv580	0.692627289110526	0.192520775623269	38	2
BACasv6	0.945813981011571	0.351789490171509	113	3
BACasv67	-0.925754590943632	0.28881846989588	47	3
BACasv70	-0.543801821156856	0.141687433250267	53	3
BACasv73	-0.123653774391402	0	60	3
BACasv76	-1.34590263770909	0.299307958477509	34	3
BACasv77	-2.22439400821867	0	5	3
BACasv8	0.907618704032893	0.273483727810651	104	3
BACasv80	-1.78324824880499	0.444444444444444	6	1
BACasv82	-2.26258928519735	0	4	3
BACasv870	0.692627289110526	0.192520775623269	38	2
BACasv89	-0.0854584974127248	0	61	3
BACasv9	1.17498564288364	0.020831024930748	95	3
BACasv90	0.754837596118183	0	83	3
BACasv901	0.692627289110526	0.192520775623269	38	2
BACasv902	0.692627289110526	0.192520775623269	38	2
BACasv91	-1.68966013051718	0.172335600907029	21	3
BACasv92	0.602056488203472	0.214567901234568	90	3
BACasv96	0.296494272374051	0.232302201070791	82	3
BACasv973	0.692627289110526	0.192520775623269	38	2
BACasv988	-0.13975299755525	0.452741020793951	46	1
BACasv99	0.40807875286133	0.0997229916897507	19	1
Cephalobus	-1.04034042187967	0.327901234567901	45	3
Filenchus	-1.80424596145322	0	16	3
FUNasv10	-1.87653672514829	0.277777777777778	6	2
FUNasv101	-0.724842511859853	0.47707100591716	52	2
FUNasv102	0.602056488203472	0.369637573964497	104	3
FUNasv103	0.334689549352729	0.330394879845429	91	3
FUNasv11	-0.238239605327435	0.295736189876076	69	3
FUNasv112	0.907618704032893	0.0840478203115566	91	3
FUNasv119	-1.04034042187967	0.392361111111111	48	3
FUNasv12	0.334689549352729	0.367587143503848	94	3
FUNasv13	0.955910503277911	0.5696	50	1
FUNasv132	0.678447042160828	0.109518658734451	86	3
FUNasv139	-0.961500623180121	0.403114186851211	34	1
FUNasv14	0.411080103310084	0.17965496728138	82	3
FUNasv140	-0.413668872763541	0.41522491349481	17	1
FUNasv143	1.25137619684099	0.303361103131284	118	3
FUNasv146	-0.0027950599511051	0.471128985923585	59	1
FUNasv155	0.692627289110526	0.192520775623269	38	2
FUNasv156	0.525665934246117	0.0938881268099375	81	3
FUNasv158	-1.19312152979438	0.364069006543724	41	3
FUNasv16	-1.61076113746634	0	8	2
FUNasv163	1.25137619684099	0	96	3
FUNasv166	-1.78794486258764	0.444444444444444	9	2
FUNasv169	1.09859508892628	0.163905499460837	101	3
FUNasv17	-0.459066924177907	0.345679012345679	27	2
FUNasv170	0.296494272374051	0.0532933008069056	73	3
FUNasv172	-1.23541649838841	0.46875	16	1
FUNasv18	-0.961500623180121	0.197530864197531	9	1
FUNasv182	-0.276434882306113	0.278903987525061	67	3
FUNasv186	0.525665934246117	0.21875	88	3
FUNasv188	0.487470657267439	0.0737061368370453	79	3
FUNasv19	-2.26258928519735	0	4	3
FUNasv192	-0.13975299755525	0.494082840236686	52	1
FUNasv196	-1.4986837456238	0.197530864197531	27	3
FUNasv2	0.411080103310084	0.193351720133546	83	3
FUNasv20	0.13416287765304	0.277008310249307	19	1
FUNasv203	-0.734778206050244	0.359495229301323	57	3
FUNasv204	-1.07853569885834	0	35	3
FUNasv207	0.563861211224795	0.185493460166469	87	3
FUNasv211	0.40807875286133	0.18	20	1
FUNasv214	0.831228150075538	0.232611411911703	98	3
FUNasv218	-1.23131680677305	0.279035792549306	37	3
FUNasv22	-0.547658786738556	0.498614958448753	38	2
FUNasv224	-0.00906794345536962	0.21875	72	3
FUNasv225	-0.13975299755525	0.124444444444444	15	1
FUNasv229	1.09859508892628	0.114952103290296	98	3
FUNasv23	0.271120815257185	0.415879017013232	23	1
FUNasv233	-1.4986837456238	0	24	3
FUNasv24	0.525665934246117	0.135578458411961	83	3
FUNasv249	0.40807875286133	0.314049586776859	22	1
FUNasv254	0.602056488203472	0.280896333182435	94	3
FUNasv257	-1.96512858770894	0.591715976331361	13	2
FUNasv269	-0.00906794345536962	0.416170903190914	86	3
FUNasv27	-0.687584747971831	0.48	15	1
FUNasv276	0.818952565673766	0.225694444444444	24	1
FUNasv277	0.258298995395374	0.26418928726956	83	3
FUNasv28	-1.00214514490099	0	37	3
FUNasv286	1.28957147381967	0.0397918579736761	99	3
FUNasv29	0.678447042160828	0.0896885813148789	85	3
FUNasv291	-0.193291336495961	0.477291050792798	61	2
FUNasv296	1.17498564288364	0.261991721451181	111	3
FUNasv3	-1.04034042187967	0.333827160493827	45	3
FUNasv30	0.029127333523308	0.372041522491349	85	3
FUNasv301	1.55693841267041	0.0370238519045923	106	3
FUNasv309	-1.04034042187967	0.497215415460013	67	3
FUNasv31	0.754837596118183	0.246997555531937	97	3
FUNasv310	1.75572963983831	0.404296875	64	2
FUNasv313	0.692627289110526	0.192520775623269	38	2
FUNasv314	0.692627289110526	0.192520775623269	38	2
FUNasv317	-0.459066924177907	0.497041420118343	39	2
FUNasv32	0.029127333523308	0.219178082191781	73	3
FUNasv325	-0.547658786738556	0.496712929145362	37	2
FUNasv329	0.692627289110526	0.192520775623269	38	2
FUNasv33	0.602056488203472	0.24976370510397	92	3
FUNasv330	0.13416287765304	0.110726643598616	17	1
FUNasv334	-1.78324824880499	0.448979591836735	14	1
FUNasv34	0.296494272374051	0.235276621058893	82	3
FUNasv340	-1.34590263770909	0	28	3
FUNasv35	0.334689549352729	0.18	80	3
FUNasv36	-0.724842511859853	0.513674197384067	58	2
FUNasv361	-1.34590263770909	0	28	3
FUNasv364	-0.193291336495961	0.477291050792798	61	2
FUNasv370	-2.05372045026958	0.48	5	2
FUNasv371	-0.9906180995418	0.505165289256198	44	2
FUNasv372	-0.658387652092889	0.252400548696845	54	3
FUNasv378	-0.961500623180121	0.197530864197531	9	1
FUNasv379	1.75572963983831	0.404296875	64	2
FUNasv38	0.79303287309686	0.0232525951557093	85	3
FUNasv39	1.50374225369449	0.417823228634039	37	1
FUNasv394	0.692627289110526	0.192520775623269	38	2
FUNasv40	1.21318091986231	0	95	3
FUNasv403	0.692627289110526	0.192520775623269	38	2
FUNasv406	-1.72785540749586	0	18	3
FUNasv41	0.40807875286133	0	18	1
FUNasv418	-1.07853569885834	0	35	3
FUNasv419	-0.193291336495961	0.477291050792798	61	2
FUNasv427	-2.03341762332528	0	10	3
FUNasv43	-1.53687902260247	0	23	3
FUNasv44	0.258298995395374	0.300622837370242	85	3
FUNasv47	0.271120815257185	0.104938271604938	18	1
FUNasv477	0.692627289110526	0.192520775623269	38	2
FUNasv48	-0.13975299755525	0.526315789473684	38	1
FUNasv485	-0.193291336495961	0.477291050792798	61	2
FUNasv5	0.029127333523308	0.219178082191781	73	3
FUNasv501	1.75572963983831	0.404296875	64	2
FUNasv51	-0.16184905137008	0.363973688649013	77	3
FUNasv514	-1.07853569885834	0	35	3
FUNasv515	-0.193291336495961	0.477291050792798	61	2
FUNasv52	0.602056488203472	0.0926114094933953	83	3
FUNasv53	-0.547658786738556	0.355029585798817	26	2
FUNasv541	-1.37237443599256	0.277777777777778	6	1
FUNasv544	-0.193291336495961	0.477291050792798	61	2
FUNasv568	0.692627289110526	0.192520775623269	38	2
FUNasv58	-0.813434374420502	0.404536862003781	23	2
FUNasv6	0.984009257990248	0	89	3
FUNasv617	0.692627289110526	0.192520775623269	38	2
FUNasv62	0.0673226105019856	0.3090625	80	3
FUNasv628	0.692627289110526	0.192520775623269	38	2
FUNasv629	0.692627289110526	0.192520775623269	38	2
FUNasv63	0.716642319139505	0.146446155788411	89	3
FUNasv630	-1.25639368722375	0.48	30	2
FUNasv644	0.692627289110526	0.192520775623269	38	2
FUNasv645	0.692627289110526	0.192520775623269	38	2
FUNasv652	0.692627289110526	0.192520775623269	38	2
FUNasv66	-1.1678018246631	0.565743944636678	34	2
FUNasv667	0.692627289110526	0.192520775623269	38	2
FUNasv668	0.692627289110526	0.192520775623269	38	2
FUNasv67	-1.43357741234504	0.451843043995244	29	2
FUNasv672	0.692627289110526	0.192520775623269	38	2
FUNasv68	0.525665934246117	0.173840830449827	85	3
FUNasv7	-1.53687902260247	0	23	3
FUNasv707	-1.07853569885834	0	35	3
FUNasv726	0.692627289110526	0.192520775623269	38	2
FUNasv73	-0.276710935159395	0.359861591695502	17	1
FUNasv75	1.2298263784862	0.5381091211995	49	1
FUNasv759	0.692627289110526	0.192520775623269	38	2
FUNasv76	-0.413668872763541	0.142011834319527	13	1
FUNasv77	-0.193291336495961	0.495867768595041	44	2
FUNasv8	-2.10980817728264	0.429752066115702	11	3
FUNasv81	0.754837596118183	0.197479477396231	93	3
FUNasv84	-0.276710935159395	0.491493383742911	23	1
FUNasv86	0.678447042160828	0.109518658734451	86	3
FUNasv89	-0.734778206050244	0.301783264746228	54	3
FUNasv9	-0.550626810367686	0.272189349112426	13	1
FUNasv90	1.36678431609035	0.247324613555291	29	1
FUNasv91	0.831228150075538	0	85	3
FUNasv92	0.64025176518215	0.169163223140496	88	3
FUNasv95	2.18853194171522	0.164359861591695	34	1
FUNasv98	1.0603998119476	0.11605909235838	97	3
Mesodorylaimus	0.955910503277911	0.152777777777778	24	1
Microdorylaimus	2.18853194171522	0.164359861591695	34	1
Paramphidelus	-0.13975299755525	0.452741020793951	46	1
Prismatolaimus	-0.961500623180121	0.489795918367347	14	1
ProASV257	0.692627289110526	0.192520775623269	38	2
ProASV258	0.692627289110526	0.192520775623269	38	2
ProASV259	0.692627289110526	0.192520775623269	38	2
Rhabdolaimus	1.36678431609035	0.0739644970414202	26	1
