nodes_id	within_module_connectivities	among_module_connectivities	degree	modularity
Aphelenchoides	-1.12607991803708	0	22	1
Aphelenchus	-1.28727498786016	0.231111111111111	15	1
Aporcelaimellus	0.883818827414127	0.0157470395565633	252	2
BACasv1	-0.338015132235355	0	66	1
BACasv10	-0.890191464409406	0.162866018904091	123	2
BACasv101	-0.391746822176382	0	63	1
BACasv1020	0.772439793212536	0	128	1
BACasv1021	2.18737429499291	0.289138267646545	251	1
BACasv1035	0.772439793212536	0	128	1
BACasv1036	0.772439793212536	0	128	1
BACasv1037	0.772439793212536	0	128	1
BACasv1038	0.772439793212536	0	128	1
BACasv1039	0.772439793212536	0	128	1
BACasv104	0.793832798118731	0.233887615405073	281	2
BACasv107	0.703846768823334	0.435116976305758	347	2
BACasv108	0.472454122063743	0.201731773415295	246	2
BACasv109	0.639571033612336	0.0493510655343695	237	2
BACasv110	-1.88003778665877	0.408163265306122	49	2
BACasv116	-0.391746822176382	0.03076171875	64	1
BACasv118	-0.732047525136219	0.366230677764566	58	1
BACasv119	0.755267356992132	0.202611620212143	271	2
BACasv125	0.819543092203129	0.156911338828247	268	2
BACasv131	0.613860739527937	0.0255276456599287	232	2
BACasv132	1.12806662121592	0	269	2
BACasv133	0.562440151359139	0.256318974724101	265	2
BACasv137	-0.928756905536004	0.153943930513382	119	2
BACasv138	-0.552941891999463	0	54	1
BACasv14	-0.266372878980652	0	70	1
BACasv142	-0.735929699903011	0.0880473372781065	130	2
BACasv143	-0.749958088449895	0	43	1
BACasv147	0.729557062907733	0.430898022573063	347	2
BACasv149	-0.606673581940489	0.428414901387874	74	1
BACasv150	-1.09025879140973	0.473372781065089	39	1
BACasv155	-0.35592569554903	0	65	1
BACasv157	-1.55865911060378	0.400638699375817	83	2
BACasv159	-0.391746822176382	0	63	1
BACasv16	-0.857421468331949	0.369845897542691	49	1
BACasv162	-0.785779215077246	0.273219491878384	49	1
BACasv164	-0.552941891999463	0.0688775510204082	56	1
BACasv165	-0.48129963874476	0	58	1
BACasv166	0.845253386287529	0.172335600907029	273	2
BACasv167	-0.409657385490057	0.0312421264802217	63	1
BACasv168	-1.76434146327897	0.32	55	2
BACasv169	0.768122504034331	0.0321199500208247	245	2
BACasv17	-0.248462315666976	0	71	1
BACasv170	-1.90574808074317	0.28875	40	2
BACasv171	1.06379088600492	0.130926403491371	284	2
BACasv172	-0.588763018626814	0	52	1
BACasv177	-0.517120765372111	0	56	1
BACasv179	-0.373836258862706	0	64	1
BACasv185	-0.535031328685787	0	55	1
BACasv186	-1.30518555117384	0.337777777777778	15	1
BACasv191	-0.194730625725949	0	74	1
BACasv196	-0.320104568921679	0	67	1
BACasv197	-0.427567948803733	0	61	1
BACasv199	0.163480640547564	0.410009182736455	132	1
BACasv202	0.703846768823334	0.435116976305758	347	2
BACasv203	-1.31441131680199	0.45951483905083	123	2
BACasv204	-0.588763018626814	0.160049245921822	57	1
BACasv206	-1.55865911060378	0.292737849502721	73	2
BACasv208	-0.194730625725949	0	74	1
BACasv209	0.845253386287529	0.023712	250	2
BACasv21	0.575295298401339	0.143073719283632	245	2
BACasv210	0.395323239810546	0.458310621668314	329	2
BACasv211	-0.320104568921679	0.0289792387543253	68	1
BACasv214	-1.25145386123281	0.493079584775087	34	1
BACasv216	0.948094562625125	0.0520074587727988	262	2
BACasv217	-0.678315835195192	0.269770408163265	56	1
BACasv220	0.356757798683947	0.469307195366451	335	2
BACasv224	0.986660003751723	0.0372999465078286	263	2
BACasv225	1.12806662121592	0	269	2
BACasv226	-1.10816935472341	0.497566252028123	43	1
BACasv227	-0.606673581940489	0	51	1
BACasv228	0.639571033612336	0.0493510655343695	237	2
BACasv229	0.539602470134753	0.499961526623577	228	1
BACasv231	-0.176820062412274	0.0961384393526679	79	1
BACasv233	-0.570852455313138	0.397823231375493	73	1
BACasv234	0.0381066973518343	0	87	1
BACasv235	-1.67435543398358	0.4621875	80	2
BACasv239	-0.212641189039625	0	73	1
BACasv241	-0.982795411527678	0.493827160493827	54	1
BACasv243	-0.535031328685787	0	55	1
BACasv244	-1.12607991803708	0.498866213151927	42	1
BACasv245	-0.678315835195192	0.1128	50	1
BACasv246	0.845253386287529	0.13265306122449	266	2
BACasv248	1.07664603304712	0	265	2
BACasv249	-0.8932425949593	0.394965277777778	48	1
BACasv25	0.703846768823334	0.118921642731167	252	2
BACasv254	0.768122504034331	0.0321199500208247	245	2
BACasv256	-0.320104568921679	0	67	1
BACasv257	-1.98287896299636	0.394448502556611	37	2
BACasv258	-0.552941891999463	0	54	1
BACasv259	-0.606673581940489	0.0377218934911243	52	1
BACasv26	0.601005592485738	0.122547702230583	244	2
BACasv262	0.472454122063743	0.440253010211858	324	2
BACasv263	1.10235632713152	0	267	2
BACasv264	-0.48129963874476	0	58	1
BACasv266	0.772439793212536	0	128	1
BACasv27	0.703846768823334	0.0779959019102386	246	2
BACasv272	-0.48129963874476	0.0333237575409365	59	1
BACasv273	-0.606673581940489	0.255	60	1
BACasv274	1.10235632713152	0	267	2
BACasv275	0.986660003751723	0.0372999465078286	263	2
BACasv277	-0.606673581940489	0	51	1
BACasv278	-0.570852455313138	0.0700826446280992	55	1
BACasv279	0.703846768823334	0.435116976305758	347	2
BACasv280	0.729557062907733	0.430898022573063	347	2
BACasv281	0.664976413330482	0.412385073012439	172	1
BACasv282	0.768122504034331	0.0321199500208247	245	2
BACasv283	-0.517120765372111	0	56	1
BACasv284	0.772439793212536	0	128	1
BACasv286	-0.570852455313138	0.10140306122449	56	1
BACasv287	-1.1472944052534	0.370868046224133	122	2
BACasv289	0.768122504034331	0.431802040289256	352	2
BACasv29	-0.465971612016822	0.0644444444444444	150	2
BACasv290	-0.875332031645624	0.470692520775623	95	1
BACasv293	-0.633088523565415	0.0956472232286114	139	2
BACasv294	-1.01861653815503	0.124444444444444	30	1
BACasv302	-0.517120765372111	0.40499671268902	78	1
BACasv303	0.845253386287529	0.172335600907029	273	2
BACasv307	-1.00070597484135	0.361495844875346	38	1
BACasv310	-0.606673581940489	0.255	60	1
BACasv312	-0.813060582156208	0.41109014370736	166	2
BACasv313	0.768122504034331	0.431802040289256	352	2
BACasv314	0.664976413330482	0.412385073012439	172	1
BACasv32	-0.373836258862706	0	64	1
BACasv320	0.46796021688005	0.457747431043807	172	1
BACasv326	2.18737429499291	0.289138267646545	251	1
BACasv327	0.703846768823334	0.435116976305758	347	2
BACasv33	-0.285999553426029	0.0912187600846212	167	2
BACasv330	-1.66150028694138	0.33425160697888	66	2
BACasv331	0.145570077233888	0.14586805215175	101	1
BACasv332	2.18737429499291	0.289138267646545	251	1
BACasv333	0.703846768823334	0.15600024037017	258	2
BACasv334	0.575295298401339	0.232233819233423	261	2
BACasv335	-0.194730625725949	0	74	1
BACasv337	-1.25145386123281	0	15	1
BACasv338	-0.123088372471247	0.47493873914012	201	1
BACasv339	0.729557062907733	0.430898022573063	347	2
BACasv341	-0.749958088449895	0.2408	50	1
BACasv342	0.973804856709524	0.0516241965105602	264	2
BACasv343	0.986660003751723	0.0372999465078286	263	2
BACasv345	-0.465971612016822	0	145	2
BACasv349	0.768122504034331	0.433227134476643	353	2
BACasv35	-1.0958738170846	0.453144523115369	147	2
BACasv350	-0.517120765372111	0.257116620752984	66	1
BACasv352	-0.320104568921679	0	67	1
BACasv353	0.729557062907733	0.430898022573063	347	2
BACasv354	-0.409657385490057	0	62	1
BACasv355	-0.302194005608003	0	68	1
BACasv360	0.396317963625347	0.497908467612188	201	1
BACasv361	0.414228526939023	0.0181802878545577	109	1
BACasv362	-0.642494708567841	0.447406866325785	74	1
BACasv364	0.682886976644158	0.45241059302852	188	1
BACasv366	0.0381066973518343	0	87	1
BACasv368	0.59333416007578	0.499861111111111	240	1
BACasv369	-0.517120765372111	0	56	1
BACasv370	-1.28727498786016	0.466938775510204	35	1
BACasv371	-0.465971612016822	0	145	2
BACasv375	0.703846768823334	0.435116976305758	347	2
BACasv376	1.06379088600492	0.0434567901234568	270	2
BACasv377	0.127659513920213	0.497500255076013	198	1
BACasv378	0.80668794516093	0.0161279661577104	246	2
BACasv380	-1.89289293370097	0.369382716049383	45	2
BACasv383	-0.517120765372111	0.257116620752984	66	1
BACasv385	-0.463389075431084	0.0634238108035474	61	1
BACasv387	-0.696226398508868	0.0798611111111112	48	1
BACasv390	-0.642494708567841	0.42	70	1
BACasv391	1.07664603304712	0	265	2
BACasv392	0.768122504034331	0.054858220603538	248	2
BACasv393	0.690991621781134	0.220837191304708	269	2
BACasv4	0.459598975021543	0.446464476428284	327	2
BACasv40	-0.76786865176357	0.457278106508876	65	1
BACasv400	0.396317963625347	0.497908467612188	201	1
BACasv401	0.664976413330482	0.412385073012439	172	1
BACasv402	-0.8932425949593	0.493827160493827	63	1
BACasv404	0.523874710232541	0.0824910820451843	232	2
BACasv408	-1.10816935472341	0	23	1
BACasv41	0.639571033612336	0.0938881268099375	243	2
BACasv414	0.832398239245329	0.198777515672041	277	2
BACasv415	-1.01861653815503	0.49519415609381	51	1
BACasv416	-0.311709847510428	0.159207679826934	172	2
BACasv417	-0.568812788354418	0	137	2
BACasv418	0.793832798118731	0.233887615405073	281	2
BACasv422	-0.499210202058436	0	57	1
BACasv432	0.360496836997996	0.277777777777778	126	1
BACasv435	-0.588763018626814	0	52	1
BACasv436	-0.391746822176382	0.03076171875	64	1
BACasv437	-0.338015132235355	0	66	1
BACasv44	0.716701915865533	0.0481633897271757	243	2
BACasv443	-0.803689778390922	0.475068338203412	103	1
BACasv445	1.06379088600492	0.130926403491371	284	2
BACasv45	-0.606673581940489	0.0377218934911243	52	1
BACasv452	0.396317963625347	0.497908467612188	201	1
BACasv453	0.768122504034331	0.433227134476643	353	2
BACasv457	1.16663206234252	0	272	2
BACasv458	1.12806662121592	0	269	2
BACasv46	-0.570852455313138	0.130501692828563	57	1
BACasv463	-0.176820062412274	0	75	1
BACasv464	1.12806662121592	0	269	2
BACasv465	-0.284283442294328	0.487433075550268	164	1
BACasv468	0.883818827414127	0.165289256198347	275	2
BACasv47	-0.929063721586651	0	33	1
BACasv471	0.772439793212536	0	128	1
BACasv472	0.80668794516093	0.140036730945822	264	2
BACasv475	0.127659513920213	0.497500255076013	198	1
BACasv478	-0.678315835195192	0.1128	50	1
BACasv479	-0.982795411527678	0.493827160493827	54	1
BACasv485	0.999515150793923	0.244221744660322	302	2
BACasv488	-1.66150028694138	0.33425160697888	66	2
BACasv489	-0.838770876240607	0.241865569272977	135	2
BACasv491	-0.302194005608003	0	68	1
BACasv497	2.18737429499291	0.289138267646545	251	1
BACasv498	2.18737429499291	0.289138267646545	251	1
BACasv499	1.10235632713152	0	267	2
BACasv500	2.18737429499291	0.289138267646545	251	1
BACasv507	-1.30518555117384	0.142011834319527	13	1
BACasv508	0.986660003751723	0.166336044435628	284	2
BACasv509	-0.735929699903011	0.0880473372781065	130	2
BACasv510	0.793832798118731	0.233887615405073	281	2
BACasv515	0.163480640547564	0.410009182736455	132	1
BACasv516	0.772439793212536	0	128	1
BACasv517	0.772439793212536	0	128	1
BACasv518	1.06379088600492	0.130926403491371	284	2
BACasv52	0.485870780193726	0.491316627606514	258	1
BACasv526	-0.964884848214003	0.160899653979239	34	1
BACasv527	-1.09025879140973	0.349635796045786	31	1
BACasv528	-0.194730625725949	0.0263111111111111	75	1
BACasv53	-1.1344392582112	0.467037983929876	148	2
BACasv534	0.986660003751723	0.166336044435628	284	2
BACasv535	-0.535031328685787	0.3715518859073	73	1
BACasv536	0.59333416007578	0.499861111111111	240	1
BACasv54	-0.373836258862706	0	64	1
BACasv543	-2.09857528637616	0.340264650283554	23	2
BACasv545	-1.17981160797811	0.417009602194787	27	1
BACasv551	1.06379088600492	0.130926403491371	284	2
BACasv552	-1.1601495522956	0.3046875	112	2
BACasv563	2.18737429499291	0.289138267646545	251	1
BACasv564	0.772439793212536	0	128	1
BACasv565	-0.946974284900327	0.110726643598616	34	1
BACasv566	0.768122504034331	0.431802040289256	352	2
BACasv57	0.485309269105942	0.227607709750567	252	2
BACasv574	-0.857421468331949	0	37	1
BACasv582	0.772439793212536	0	128	1
BACasv583	0.772439793212536	0	128	1
BACasv584	0.306765147056969	0	102	1
BACasv585	-0.535031328685787	0.177371674281107	61	1
BACasv586	-1.03652710146871	0.35265306122449	35	1
BACasv587	0.521691906821077	0.492426035502959	260	1
BACasv590	0.703846768823334	0.435116976305758	347	2
BACasv591	0.664976413330482	0.412385073012439	172	1
BACasv594	-0.581667935396617	0.283164782867341	164	2
BACasv595	-0.929063721586651	0.456747404844291	51	1
BACasv6	0.539602470134753	0.261137543252595	136	1
BACasv600	-1.14399048135076	0	21	1
BACasv602	-0.857421468331949	0	37	1
BACasv603	-0.964884848214003	0.160899653979239	34	1
BACasv613	2.18737429499291	0.289138267646545	251	1
BACasv614	0.539602470134753	0.499131944444444	240	1
BACasv616	-0.929063721586651	0.260355029585799	39	1
BACasv618	0.973804856709524	0.0516241965105602	264	2
BACasv624	-0.517120765372111	0	56	1
BACasv625	-0.552941891999463	0	54	1
BACasv626	-0.517120765372111	0	56	1
BACasv63	0.613860739527937	0.0874652777777778	240	2
BACasv637	-0.499210202058436	0	57	1
BACasv638	0.521691906821077	0	114	1
BACasv639	1.06379088600492	0.130926403491371	284	2
BACasv64	-0.0335355559028684	0	83	1
BACasv640	-0.284283442294328	0.487433075550268	164	1
BACasv641	-0.658798817649814	0.328673408685306	164	2
BACasv642	2.18737429499291	0.289138267646545	251	1
BACasv651	0.703846768823334	0.435116976305758	347	2
BACasv652	2.18737429499291	0.289138267646545	251	1
BACasv653	0.772439793212536	0	128	1
BACasv654	0.127659513920213	0.497500255076013	198	1
BACasv655	0.999515150793923	0.244221744660322	302	2
BACasv671	0.18139120386124	0	95	1
BACasv674	0.772439793212536	0	128	1
BACasv675	2.18737429499291	0.289138267646545	251	1
BACasv676	-1.0701635230002	0.427692918071811	142	2
BACasv68	-0.785779215077246	0.046485260770975	42	1
BACasv680	-0.555957641312218	0.0918906064209275	145	2
BACasv681	-1.80290690440557	0.315263360246059	51	2
BACasv684	-0.606673581940489	0.255	60	1
BACasv685	-0.982795411527678	0.493827160493827	54	1
BACasv691	2.18737429499291	0.289138267646545	251	1
BACasv692	0.127659513920213	0.497500255076013	198	1
BACasv693	-1.66150028694138	0.33425160697888	66	2
BACasv694	-0.123088372471247	0.47493873914012	201	1
BACasv695	-0.678315835195192	0	47	1
BACasv699	-0.588763018626814	0.185493460166469	58	1
BACasv7	0.690991621781134	0.210972239756484	267	2
BACasv70	-0.212641189039625	0	73	1
BACasv700	0.664976413330482	0.412385073012439	172	1
BACasv703	-1.66150028694138	0.33425160697888	66	2
BACasv711	-0.857421468331949	0	37	1
BACasv713	2.18737429499291	0.289138267646545	251	1
BACasv714	0.664976413330482	0.412385073012439	172	1
BACasv72	0.511019563190341	0.0828320308839789	231	2
BACasv720	1.07664603304712	0	265	2
BACasv721	-0.982795411527678	0	30	1
BACasv730	2.18737429499291	0.289138267646545	251	1
BACasv731	0.664976413330482	0.412385073012439	172	1
BACasv738	2.18737429499291	0.289138267646545	251	1
BACasv74	-0.499210202058436	0	57	1
BACasv751	0.772439793212536	0	128	1
BACasv752	0.772439793212536	0	128	1
BACasv753	2.18737429499291	0.289138267646545	251	1
BACasv754	0.163480640547564	0.410009182736455	132	1
BACasv755	0.772439793212536	0	128	1
BACasv757	0.664976413330482	0.412385073012439	172	1
BACasv761	0.664976413330482	0.412385073012439	172	1
BACasv768	-1.1601495522956	0.352915828784832	118	2
BACasv770	-1.09025879140973	0.375	32	1
BACasv777	2.18737429499291	0.289138267646545	251	1
BACasv778	0.986660003751723	0.166336044435628	284	2
BACasv779	0.768122504034331	0.433227134476643	353	2
BACasv780	0.396317963625347	0.497908467612188	201	1
BACasv782	0.664976413330482	0.412385073012439	172	1
BACasv784	0.664976413330482	0.412385073012439	172	1
BACasv79	0.755267356992132	0.0243865264441396	243	2
BACasv792	-1.10816935472341	0	23	1
BACasv798	0.772439793212536	0	128	1
BACasv799	2.18737429499291	0.289138267646545	251	1
BACasv800	0.772439793212536	0	128	1
BACasv801	0.772439793212536	0	128	1
BACasv802	0.772439793212536	0	128	1
BACasv803	-1.25145386123281	0	15	1
BACasv804	0.772439793212536	0	128	1
BACasv805	-0.710219405818612	0.3346875	160	2
BACasv807	0.832398239245329	0.198777515672041	277	2
BACasv81	-0.445478512117409	0.0322493953238376	61	1
BACasv811	2.18737429499291	0.289138267646545	251	1
BACasv82	0.665281327696735	0	233	2
BACasv823	-0.568812788354418	0	137	2
BACasv83	0.755267356992132	0.0399833402748855	245	2
BACasv836	0.772439793212536	0	128	1
BACasv837	0.772439793212536	0	128	1
BACasv838	2.18737429499291	0.289138267646545	251	1
BACasv839	0.163480640547564	0.410009182736455	132	1
BACasv84	-0.373836258862706	0	64	1
BACasv840	0.772439793212536	0	128	1
BACasv841	2.18737429499291	0.289138267646545	251	1
BACasv842	0.772439793212536	0	128	1
BACasv843	0.772439793212536	0	128	1
BACasv844	0.772439793212536	0	128	1
BACasv845	0.772439793212536	0	128	1
BACasv846	0.772439793212536	0	128	1
BACasv85	0.472454122063743	0.449685563293508	331	2
BACasv852	-0.645943670607615	0.303229042089426	161	2
BACasv86	-1.12607991803708	0.391111111111111	30	1
BACasv873	2.18737429499291	0.289138267646545	251	1
BACasv874	2.18737429499291	0.289138267646545	251	1
BACasv88	0.396317963625347	0.497908467612188	201	1
BACasv882	-0.645943670607615	0.303229042089426	161	2
BACasv884	-0.735929699903011	0.0880473372781065	130	2
BACasv904	0.772439793212536	0	128	1
BACasv905	0.772439793212536	0	128	1
BACasv906	0.772439793212536	0	128	1
BACasv907	0.772439793212536	0	128	1
BACasv91	-0.732047525136219	0.183256976259892	49	1
BACasv914	-1.80290690440557	0.315263360246059	51	2
BACasv938	0.772439793212536	0	128	1
BACasv939	0.772439793212536	0	128	1
BACasv940	0.772439793212536	0	128	1
BACasv941	0.772439793212536	0	128	1
BACasv942	0.772439793212536	0	128	1
BACasv943	0.772439793212536	0	128	1
BACasv944	0.772439793212536	0	128	1
BACasv945	0.127659513920213	0.497500255076013	198	1
BACasv956	-1.80290690440557	0.315263360246059	51	2
BACasv973	0.772439793212536	0	128	1
BACasv974	2.18737429499291	0.289138267646545	251	1
BACasv975	0.772439793212536	0	128	1
BACasv976	0.163480640547564	0.410009182736455	132	1
BACasv977	2.18737429499291	0.289138267646545	251	1
BACasv98	0.588150445443538	0.161094175900389	249	2
BACasv981	-1.30518555117384	0.493827160493827	27	1
BACasv998	0.199301767174915	0.431020408163265	140	1
BACasv999	0.772439793212536	0	128	1
Cephalobus	-0.375985582721425	0.0379604578563996	155	2
Ditylenchus	-0.76786865176357	0.158790170132325	46	1
Epidorylaimus	-1.97002381595416	0.42	40	2
Eudorylaimus	-1.35891724111487	0	9	1
Filenchus	-1.93145837482757	0.457465277777778	48	2
FUNasv1	0.472454122063743	0.207248110934452	247	2
FUNasv10	0.639571033612336	0.176239013671875	256	2
FUNasv100	0.0201961340381586	0.0227242700488836	87	1
FUNasv101	-0.543102494270019	0.0543791872463201	143	2
FUNasv103	0.729557062907733	0.188365650969529	266	2
FUNasv104	0.331047504599548	0.17368089853359	229	2
FUNasv105	0.127659513920213	0.483892176199868	156	1
FUNasv106	0.832398239245329	0.198777515672041	277	2
FUNasv107	0.253916622346351	0.453428065441052	308	2
FUNasv110	0.575295298401339	0.190660688340702	253	2
FUNasv111	0.421033533894945	0	214	2
FUNasv112	0.716701915865533	0.00836805310359434	238	2
FUNasv113	-1.0058877877892	0.147799744897959	112	2
FUNasv114	-0.530247347227819	0.0788140364045787	146	2
FUNasv115	-1.0187429348314	0.104938271604938	108	2
FUNasv117	0.832398239245329	0.198777515672041	277	2
FUNasv118	0.0996548578399569	0.18	210	2
FUNasv12	0.665281327696735	0	233	2
FUNasv120	0.832398239245329	0.198777515672041	277	2
FUNasv122	0.414228526939023	0.486992715920916	186	1
FUNasv123	0.832398239245329	0.198777515672041	277	2
FUNasv124	0.588150445443538	0	227	2
FUNasv125	0.832398239245329	0.198777515672041	277	2
FUNasv126	0.432139090252699	0.311001371742113	135	1
FUNasv127	0.768122504034331	0.0321199500208247	245	2
FUNasv128	-2.14999587454496	0.345679012345679	18	2
FUNasv129	0.665281327696735	0	233	2
FUNasv130	1.03808059192052	0.179449935640817	291	2
FUNasv131	-0.732047525136219	0	44	1
FUNasv132	-1.03652710146871	0	27	1
FUNasv133	1.10235632713152	0	267	2
FUNasv134	-0.838770876240607	0.0648611111111111	120	2
FUNasv135	0.53672985727474	0.0261962565588535	226	2
FUNasv136	0.472454122063743	0.450936275221367	332	2
FUNasv137	0.523874710232541	0.444444444444444	333	2
FUNasv138	0.27962691643075	0.163285004725613	223	2
FUNasv14	-0.697364258776413	0.373516333461714	169	2
FUNasv140	-0.375985582721425	0.352495555154732	197	2
FUNasv141	-1.30518555117384	0.495867768595041	22	1
FUNasv142	0.793832798118731	0.00816312819134646	244	2
FUNasv144	0.626715886570137	0.20414201183432	260	2
FUNasv145	1.12806662121592	0	269	2
FUNasv146	0.395323239810546	0.0185169010393921	214	2
FUNasv150	0.356757798683947	0.445149904661447	314	2
FUNasv152	0.382468092768346	0.446521102804478	318	2
FUNasv153	-1.07234822809606	0.486749594375338	43	1
FUNasv154	0.986660003751723	0.0372999465078286	263	2
FUNasv155	0.485309269105942	0.201019521709912	247	2
FUNasv157	0.909529121498526	0.16421431271097	277	2
FUNasv16	0.331047504599548	0.192293400713436	232	2
FUNasv160	0.472454122063743	0.444444444444444	327	2
FUNasv161	0.59333416007578	0.499861111111111	240	1
FUNasv164	0.215351181219752	0.459183673469388	308	2
FUNasv166	-1.00070597484135	0.169921875	32	1
FUNasv167	0.18139120386124	0.487901234567901	225	1
FUNasv168	0.138220298966555	0.464268208999118	303	2
FUNasv169	0.601005592485738	0	228	2
FUNasv17	-1.58436940468818	0.268010922075194	69	2
FUNasv170	-1.19772217129179	0	18	1
FUNasv172	-1.40439734609739	0.0525931336742148	74	2
FUNasv173	-1.1601495522956	0.352915828784832	118	2
FUNasv175	0.575295298401339	0.161680541103018	248	2
FUNasv176	-1.97002381595416	0.0665873959571938	29	2
FUNasv177	-1.43010764018178	0.184089414858646	78	2
FUNasv18	0.305337210515149	0.465798816568047	325	2
FUNasv181	-1.09025879140973	0.0768	25	1
FUNasv182	-2.26569219792475	0	5	2
FUNasv184	-0.800205435114009	0.437951962809917	176	2
FUNasv185	1.12806662121592	0	269	2
FUNasv186	-1.07234822809606	0.450138504155125	38	1
FUNasv187	0.973804856709524	0.0516241965105602	264	2
FUNasv188	0.793832798118731	0.233887615405073	281	2
FUNasv191	0.421033533894945	0.00925905895078416	215	2
FUNasv193	1.10235632713152	0	267	2
FUNasv194	-2.17570616862936	0.5	24	2
FUNasv195	-0.568812788354418	0	137	2
FUNasv196	0.0918383872928613	0.1171875	96	1
FUNasv198	-0.946974284900327	0.110726643598616	34	1
FUNasv199	1.06379088600492	0.130926403491371	284	2
FUNasv2	-0.8932425949593	0.0540123456790124	36	1
FUNasv20	0.395323239810546	0.19461902408022	238	2
FUNasv200	-1.1601495522956	0.0420857902647704	93	2
FUNasv202	0.433888680937144	0.00921639231824412	216	2
FUNasv203	0.511019563190341	0.119039069232979	236	2
FUNasv206	-0.77449514102961	0.0162590701424349	122	2
FUNasv208	-0.697364258776413	0.0592040090903794	131	2
FUNasv209	-1.26936442454649	0.124444444444444	15	1
FUNasv210	0.27962691643075	0.169921875	224	2
FUNasv212	-0.800205435114009	0.437951962809917	176	2
FUNasv215	0.331047504599548	0.0879186221835249	217	2
FUNasv218	0.217212330488591	0.253770390889504	114	1
FUNasv219	-1.1601495522956	0.352915828784832	118	2
FUNasv22	0.27962691643075	0.00975586312956556	204	2
FUNasv220	-2.12428558046056	0.396694214876033	22	2
FUNasv221	0.729557062907733	0.430898022573063	347	2
FUNasv222	0.343902651641748	0.0280317153702747	211	2
FUNasv225	-0.248462315666976	0	71	1
FUNasv226	1.07664603304712	0	265	2
FUNasv227	0.446743827979344	0.452231404958678	330	2
FUNasv229	0.459598975021543	0.0440305170034899	222	2
FUNasv23	-1.26936442454649	0.345679012345679	18	1
FUNasv231	-1.52009366947718	0.21875	72	2
FUNasv232	0.613860739527937	0.19415888204212	257	2
FUNasv234	0.665281327696735	0.00851048286945721	234	2
FUNasv236	0.503781343507401	0.41850237259365	161	1
FUNasv237	-1.25013558159099	0.437044745057232	124	2
FUNasv238	0.832398239245329	0.198777515672041	277	2
FUNasv240	0.665281327696735	0.0168764146672703	235	2
FUNasv241	-1.22442528750659	0.10385219176428	91	2
FUNasv243	-1.97002381595416	0.257116620752984	33	2
FUNasv245	-1.43010764018178	0.234720317024844	81	2
FUNasv248	0.909529121498526	0.16421431271097	277	2
FUNasv249	0.768122504034331	0.431802040289256	352	2
FUNasv25	0.459598975021543	0.026900826446281	220	2
FUNasv250	0.288854583743294	0.490025216253312	177	1
FUNasv253	-1.23354329791914	0.494649227110583	29	1
FUNasv254	-0.911153158272976	0.385633270321361	46	1
FUNasv255	-1.30518555117384	0.142011834319527	13	1
FUNasv257	-1.1601495522956	0.352915828784832	118	2
FUNasv259	-1.32309611448752	0.470868014268728	29	1
FUNasv26	0.176785740093154	0.459985283933518	304	2
FUNasv260	0.768122504034331	0.433227134476643	353	2
FUNasv264	-1.26936442454649	0.124444444444444	15	1
FUNasv265	-0.642494708567841	0.16803840877915	54	1
FUNasv266	0.324675710370645	0.0190458579881657	104	1
FUNasv267	-1.62293484581478	0.155	60	2
FUNasv269	-1.23354329791914	0.5	32	1
FUNasv27	0.652426180654536	0.00854685111164322	233	2
FUNasv271	1.10235632713152	0	267	2
FUNasv273	-0.570852455313138	0.49957583184089	103	1
FUNasv274	0.217212330488591	0.0760709734339771	101	1
FUNasv276	0	0.56	5	3
FUNasv277	-1.1601495522956	0.3046875	112	2
FUNasv278	-1.23354329791914	0.197530864197531	18	1
FUNasv28	0.511019563190341	0	221	2
FUNasv280	-1.21563273460546	0	17	1
FUNasv281	0.0225239755867598	0.0418656524350138	187	2
FUNasv283	0.396317963625347	0.497908467612188	201	1
FUNasv285	-0.645943670607615	0.303229042089426	161	2
FUNasv288	-1.1601495522956	0.352915828784832	118	2
FUNasv290	-1.26299072863319	0	83	2
FUNasv292	-0.697364258776413	0.0155029296875	128	2
FUNasv295	0.472454122063743	0.0914551591312142	229	2
FUNasv297	-0.839510905018273	0.484877126654064	92	1
FUNasv3	-0.0546069066664373	0.463868655335877	279	2
FUNasv30	0.29248206347295	0.206442907741609	231	2
FUNasv300	-0.337420141594827	0.326101249178172	195	2
FUNasv302	-1.03652710146871	0.375	36	1
FUNasv305	-1.35297675792859	0.379853902345252	102	2
FUNasv307	0.588150445443538	0.206210540659208	257	2
FUNasv308	-1.66150028694138	0.33425160697888	66	2
FUNasv311	0.664976413330482	0.412385073012439	172	1
FUNasv316	0.845253386287529	0.172335600907029	273	2
FUNasv319	0.986660003751723	0.166336044435628	284	2
FUNasv32	0.145570077233888	0.261322314049587	110	1
FUNasv322	0.05601726066551	0.484977777777778	150	1
FUNasv324	0.0918383872928613	0.1171875	96	1
FUNasv325	0.772439793212536	0	128	1
FUNasv326	0.59333416007578	0.499861111111111	240	1
FUNasv328	0.53672985727474	0.169508890210853	246	2
FUNasv33	0.253916622346351	0.446622880109793	303	2
FUNasv332	-1.66150028694138	0.33425160697888	66	2
FUNasv334	2.18737429499291	0.289138267646545	251	1
FUNasv335	-0.800205435114009	0.437951962809917	176	2
FUNasv338	1.06379088600492	0.130926403491371	284	2
FUNasv339	0.360496836997996	0.498046875	224	1
FUNasv34	0.228206328261952	0.0292618370747966	202	2
FUNasv344	-1.21563273460546	0.5	34	1
FUNasv346	0.360496836997996	0.498046875	224	1
FUNasv348	1.16663206234252	0	272	2
FUNasv349	-0.645943670607615	0.303229042089426	161	2
FUNasv35	0.909529121498526	0.16421431271097	277	2
FUNasv358	0.53672985727474	0.209033104719649	253	2
FUNasv359	1.07664603304712	0	265	2
FUNasv360	-0.645943670607615	0.303229042089426	161	2
FUNasv362	-1.98287896299636	0.459183673469388	42	2
FUNasv368	-0.440261317932423	0.305118891364732	181	2
FUNasv37	-0.929063721586651	0.405482041587902	46	1
FUNasv372	-1.40439734609739	0.0768	75	2
FUNasv376	1.07664603304712	0	265	2
FUNasv377	0.459598975021543	0.185267399767775	242	2
FUNasv379	-1.81576205144777	0.396694214876033	55	2
FUNasv38	0.189640887135353	0.235828368491529	227	2
FUNasv380	-1.14399048135076	0.0867768595041323	22	1
FUNasv383	2.18737429499291	0.289138267646545	251	1
FUNasv389	0.360496836997996	0.498046875	224	1
FUNasv39	0.288854583743294	0.499708277906135	207	1
FUNasv390	2.18737429499291	0.289138267646545	251	1
FUNasv397	0.772439793212536	0	128	1
FUNasv398	-1.58436940468818	0.361495844875346	76	2
FUNasv399	1.12806662121592	0	269	2
FUNasv40	-0.697364258776413	0.359486137320366	166	2
FUNasv407	-0.800205435114009	0.437951962809917	176	2
FUNasv41	-1.25145386123281	0.46875	24	1
FUNasv412	0.575295298401339	0	226	2
FUNasv414	2.18737429499291	0.289138267646545	251	1
FUNasv415	0.199301767174915	0.0204059942608141	97	1
FUNasv417	1.10235632713152	0	267	2
FUNasv419	-0.123088372471247	0.47493873914012	201	1
FUNasv426	0.664976413330482	0.412385073012439	172	1
FUNasv428	0.59333416007578	0.499861111111111	240	1
FUNasv429	0.59333416007578	0.499861111111111	240	1
FUNasv43	0.665281327696735	0	233	2
FUNasv439	0.664976413330482	0.412385073012439	172	1
FUNasv440	0.360496836997996	0.498046875	224	1
FUNasv447	2.18737429499291	0.289138267646545	251	1
FUNasv448	0.459598975021543	0.0440305170034899	222	2
FUNasv449	2.18737429499291	0.289138267646545	251	1
FUNasv45	-1.71292087511017	0.0399833402748855	49	2
FUNasv450	0.217212330488591	0.354371378180902	126	1
FUNasv451	0.485870780193726	0.351581450653983	145	1
FUNasv452	-1.85432749257437	0.240129799891833	43	2
FUNasv453	0.772439793212536	0	128	1
FUNasv455	2.18737429499291	0.289138267646545	251	1
FUNasv457	2.18737429499291	0.289138267646545	251	1
FUNasv46	-0.266372878980652	0.102264426588751	74	1
FUNasv460	-1.1472944052534	0	92	2
FUNasv464	0.59333416007578	0.499861111111111	240	1
FUNasv47	-1.46867308130838	0.150872583974479	73	2
FUNasv470	0.793832798118731	0.233887615405073	281	2
FUNasv471	-1.72577602215237	0	47	2
FUNasv473	-1.35891724111487	0.48	15	1
FUNasv478	-0.645943670607615	0.303229042089426	161	2
FUNasv48	0.253033457115942	0.5	198	1
FUNasv485	-1.30518555117384	0.142011834319527	13	1
FUNasv486	2.18737429499291	0.289138267646545	251	1
FUNasv49	0.639571033612336	0.187398593834505	258	2
FUNasv492	0.199301767174915	0.431020408163265	140	1
FUNasv496	-1.1601495522956	0.352915828784832	118	2
FUNasv499	0.369612945726147	0.0945926578079892	221	2
FUNasv5	0.858108533329728	0.00799987096982302	249	2
FUNasv500	-0.123088372471247	0.47493873914012	201	1
FUNasv502	2.18737429499291	0.289138267646545	251	1
FUNasv507	1.06379088600492	0.0434567901234568	270	2
FUNasv509	0.772439793212536	0	128	1
FUNasv51	0.485309269105942	0.201019521709912	247	2
FUNasv517	2.18737429499291	0.289138267646545	251	1
FUNasv52	-1.26936442454649	0.124444444444444	15	1
FUNasv522	2.18737429499291	0.289138267646545	251	1
FUNasv53	-0.51739220018562	0.0783007080383173	147	2
FUNasv530	-0.123088372471247	0.47493873914012	201	1
FUNasv531	0.772439793212536	0	128	1
FUNasv532	2.18737429499291	0.289138267646545	251	1
FUNasv545	0.922384268540726	0.179430351692608	281	2
FUNasv549	-1.30518555117384	0	12	1
FUNasv558	0.199301767174915	0.431020408163265	140	1
FUNasv570	0.664976413330482	0.412385073012439	172	1
FUNasv58	0.588150445443538	0.0808275027150207	237	2
FUNasv589	0.199301767174915	0.431020408163265	140	1
FUNasv590	0.772439793212536	0	128	1
FUNasv6	-0.697364258776413	0.0155029296875	128	2
FUNasv60	-1.21563273460546	0.104938271604938	18	1
FUNasv604	0.772439793212536	0	128	1
FUNasv618	-1.37682780442854	0.497777777777778	15	1
FUNasv62	0.665281327696735	0.00851048286945721	234	2
FUNasv63	0.369612945726147	0.19013128112268	235	2
FUNasv631	0.772439793212536	0	128	1
FUNasv632	0.664976413330482	0.412385073012439	172	1
FUNasv633	0.664976413330482	0.412385073012439	172	1
FUNasv64	0.305337210515149	0.451979707866774	313	2
FUNasv648	0.772439793212536	0	128	1
FUNasv649	0.772439793212536	0	128	1
FUNasv65	0.0867997107977573	0.459877226292677	293	2
FUNasv650	2.18737429499291	0.289138267646545	251	1
FUNasv651	0.772439793212536	0	128	1
FUNasv652	0.772439793212536	0	128	1
FUNasv653	0.772439793212536	0	128	1
FUNasv654	0.772439793212536	0	128	1
FUNasv66	0.601005592485738	0	228	2
FUNasv669	0.772439793212536	0	128	1
FUNasv670	0.772439793212536	0	128	1
FUNasv671	0.163480640547564	0.410009182736455	132	1
FUNasv68	-1.28727498786016	0.3046875	16	1
FUNasv69	0.896673974456327	0.00790501385739484	252	2
FUNasv7	-1.46867308130838	0.25765101746515	79	2
FUNasv70	0.215351181219752	0.43981674302374	294	2
FUNasv708	0.772439793212536	0	128	1
FUNasv709	0.772439793212536	0	128	1
FUNasv71	0.690991621781134	0.225651577503429	270	2
FUNasv72	-1.21563273460546	0.498456790123457	36	1
FUNasv73	1.16663206234252	0	272	2
FUNasv733	0.772439793212536	0	128	1
FUNasv734	0.772439793212536	0	128	1
FUNasv74	-0.903046611451605	0.2322998046875	128	2
FUNasv75	0.53672985727474	0.209033104719649	253	2
FUNasv758	0.772439793212536	0	128	1
FUNasv76	-1.97002381595416	0.32	35	2
FUNasv765	0.772439793212536	0	128	1
FUNasv77	-1.21563273460546	0.255	20	1
FUNasv78	-1.12607991803708	0	22	1
FUNasv782	0.772439793212536	0	128	1
FUNasv79	-2.04715469820736	0.152777777777778	24	2
FUNasv8	0.690991621781134	0.00843866704969831	236	2
FUNasv80	-1.37868705201299	0.0973044049967127	78	2
FUNasv81	0.639571033612336	0.158790170132325	253	2
FUNasv82	0.0381066973518343	0.154238227146814	95	1
FUNasv83	0.498164416148142	0.455617337127244	339	2
FUNasv84	0.768122504034331	0.433227134476643	353	2
FUNasv85	0.485309269105942	0.201019521709912	247	2
FUNasv86	-1.05443766478238	0.464009518143962	41	1
FUNasv87	0.986660003751723	0.166336044435628	284	2
FUNasv88	0.716701915865533	0.00836805310359434	238	2
FUNasv9	0.523874710232541	0.0824910820451843	232	2
FUNasv90	-1.45581793426618	0.0555102040816327	70	2
FUNasv92	-0.735929699903011	0.255957965847251	146	2
FUNasv93	0.909529121498526	0.16421431271097	277	2
FUNasv94	0.432139090252699	0.41364479676168	154	1
FUNasv95	0.562440151359139	0.251807851239669	264	2
FUNasv96	-2.08572013933396	0.329861111111111	24	2
FUNasv97	-1.17981160797811	0.329861111111111	24	1
FUNasv98	0.511019563190341	0	221	2
FUNasv99	0.408178386852745	0.443745639292067	319	2
Klarkus	-1.14399048135076	0.375	28	1
Mesorhabditis	-1.49438337539278	0.109220751942869	69	2
Microdorylaimus	-1.25145386123281	0.1171875	16	1
Paraphelenchus	-0.320104568921679	0.0820408163265306	70	1
ProASV100	-1.19772217129179	0.444444444444444	27	1
ProASV101	-0.77449514102961	0.061952	125	2
ProASV108	-1.26936442454649	0	14	1
ProASV113	-0.875332031645624	0.18	40	1
ProASV116	-1.23354329791914	0	16	1
ProASV121	-1.37682780442854	0	8	1
ProASV122	-1.94431352186977	0.433884297520661	44	2
ProASV123	0.396317963625347	0.455904499540863	165	1
ProASV124	-0.964884848214003	0.457465277777778	48	1
ProASV129	0.664976413330482	0.412385073012439	172	1
ProASV131	-1.1601495522956	0.242969028123888	106	2
ProASV133	0.664976413330482	0.412385073012439	172	1
ProASV134	0.772439793212536	0	128	1
ProASV138	0.459598975021543	0.196822090835797	244	2
ProASV144	-1.09025879140973	0.375	32	1
ProASV148	0.664976413330482	0.412385073012439	172	1
ProASV16	0.511019563190341	0.182596338158504	246	2
ProASV162	-1.37682780442854	0.551111111111111	15	1
ProASV164	-1.0830186700424	0.340660770031218	124	2
ProASV170	0.772439793212536	0	128	1
ProASV171	-1.21563273460546	0.496712929145362	37	1
ProASV175	-1.14399048135076	0	21	1
ProASV177	-1.66150028694138	0.438522516444594	77	2
ProASV179	0.922384268540726	0.152777777777778	276	2
ProASV182	0.664976413330482	0.412385073012439	172	1
ProASV186	-1.37682780442854	0.497777777777778	15	1
ProASV187	-1.34100667780119	0.165289256198347	11	1
ProASV190	0.266771769388551	0.213837429111531	230	2
ProASV193	0.511019563190341	0.339042301695086	282	2
ProASV2	-1.16190104466444	0.226843100189036	23	1
ProASV201	0.626715886570137	0.101271825094413	243	2
ProASV203	-0.964884848214003	0.464806330695544	49	1
ProASV205	-0.463389075431084	0.210291824459791	67	1
ProASV207	0.772439793212536	0	128	1
ProASV208	0.0201961340381586	0.315486068652284	107	1
ProASV210	-0.409657385490057	0	62	1
ProASV211	-1.32309611448752	0	11	1
ProASV212	-0.714136961822543	0	45	1
ProASV214	0.772439793212536	0	128	1
ProASV215	-1.28727498786016	0	13	1
ProASV216	0.0996548578399569	0.12042936966964	202	2
ProASV217	0.588150445443538	0.267791495198903	270	2
ProASV218	-0.714136961822543	0.232988165680473	52	1
ProASV228	-1.03652710146871	0.411357340720222	38	1
ProASV229	-0.588763018626814	0	52	1
ProASV231	-1.37682780442854	0.197530864197531	9	1
ProASV232	-1.121584111169	0.159487227825431	103	2
ProASV233	0.125365151924356	0.157413978617706	209	2
ProASV241	-1.19772217129179	0.470868014268728	29	1
ProASV242	-0.517120765372111	0	56	1
ProASV243	-1.10816935472341	0	23	1
ProASV244	-1.07234822809606	0	25	1
ProASV246	-1.17981160797811	0.172335600907029	21	1
ProASV247	0.682886976644158	0.45241059302852	188	1
ProASV248	0.59333416007578	0.492980840502235	211	1
ProASV249	-0.839510905018273	0	38	1
ProASV253	0.382468092768346	0.206859123614783	239	2
ProASV256	-0.118882641877435	0.0114938688228808	173	2
ProASV26	-0.785779215077246	0	41	1
ProASV28	-2.08572013933396	0.235537190082645	22	2
ProASV31	-1.16190104466444	0.165289256198347	22	1
ProASV32	-1.34100667780119	0	10	1
ProASV35	-0.714136961822543	0.0425330812854442	46	1
ProASV4	-1.30518555117384	0	12	1
ProASV42	-1.14399048135076	0.522308149910767	41	1
ProASV47	-1.1344392582112	0.11386593204775	99	2
ProASV51	-2.20141646271376	0.491493383742911	23	2
ProASV55	0.772439793212536	0	128	1
ProASV57	0.772439793212536	0	128	1
ProASV63	-1.30518555117384	0.32	15	1
ProASV65	-1.32309611448752	0.391111111111111	15	1
ProASV66	-0.660405271881517	0.142011834319527	52	1
ProASV67	0.396317963625347	0.495253122945431	195	1
ProASV72	-1.35891724111487	0.459183673469388	14	1
ProASV75	0.772439793212536	0	128	1
ProASV83	-1.80290690440557	0.315263360246059	51	2
ProASV88	-2.29140249200915	0.5	6	2
ProASV90	-0.581667935396617	0.0144919814587884	137	2
ProASV93	0	0.444444444444444	3	3
ProASV95	-1.35891724111487	0	9	1
Rhabdolaimus	-1.03652710146871	0.499260355029586	52	1
Thonus	-1.39473836774222	0.444444444444444	21	1
