nodes_id	within_module_connectivities	among_module_connectivities	degree	modularity
Acrolobus	-1.16406944985418	0.235537190082645	22	2
Aphelenchoides	-2.12565872139364	0.188365650969529	19	4
Aphelenchus	-1.50126686025421	0.5546875	16	3
Aporcelaimellus	1.14263997994313	0.519674590942033	313	3
BACasv1	1.53907436334709	0.0277722674072605	71	2
BACasv10	-1.34777552816487	0.518775007694675	114	4
BACasv1000	0.434724247203609	0.321042387543253	136	1
BACasv1001	0.434724247203609	0.321042387543253	136	1
BACasv1002	0.434724247203609	0.321042387543253	136	1
BACasv1003	-2.58117521777143	0.538103947568968	162	1
BACasv1004	0.434724247203609	0.321042387543253	136	1
BACasv1005	-1.02503519338636	0.0997229916897507	38	3
BACasv1009	-0.696599561063713	0.501892915089238	86	3
BACasv101	1.27406026401363	0.0298438934802571	66	2
BACasv1021	0.237909442647619	0	175	4
BACasv1022	0.434724247203609	0.321042387543253	136	1
BACasv1023	-0.581647089750785	0.564027777777778	120	3
BACasv104	0.417420948777335	0.433400820501891	274	4
BACasv1040	0.434724247203609	0.321042387543253	136	1
BACasv107	1.71887936821777	0.342497219990098	351	4
BACasv108	-0.165991446144242	0.470805802930192	236	4
BACasv109	0.847047910852748	0.489481964920459	262	3
BACasv112	-1.11106662998749	0.444444444444444	30	2
BACasv116	0.903040524946792	0.318287037037037	72	2
BACasv118	-1.17283122793156	0.525519848771267	69	3
BACasv119	0.327665195712477	0.518826952268511	308	4
BACasv123	-1.20567479116382	0.527348394768133	58	3
BACasv125	-0.195910030499194	0.505515785463723	251	4
BACasv130	0.585023605746642	0.0720164609053497	54	2
BACasv131	0.830626129236616	0.491706841138659	264	3
BACasv132	0.978422163781809	0.497953723542949	297	3
BACasv133	0.222950150470143	0.455351240911003	258	4
BACasv135	-0.581038431320575	0.0624349635796045	31	2
BACasv136	0.426015146146567	0.141687433250267	53	2
BACasv137	0.649986531459158	0.13765145714157	149	3
BACasv14	1.32706308388032	0.108979591836735	70	2
BACasv143	0.107998226946417	0.362314049586777	55	2
BACasv147	1.64408290733039	0.35808150907866	351	4
BACasv149	-0.4220299717205	0.512199960325332	71	2
BACasv155	1.59207718321378	0.0532933008069056	73	2
BACasv157	-0.61449065298305	0.363905325443787	78	3
BACasv158	0.585023605746642	0.0720164609053497	54	2
BACasv159	0.53202078587995	0.162627551020408	56	2
BACasv16	-1.25494013601222	0.548076923076923	52	3
BACasv162	-1.97606579961888	0.530245746691872	46	4
BACasv164	1.16805462428025	0.18	70	2
BACasv165	0.585023605746642	0.0713305898491083	54	2
BACasv166	0.282787319180048	0.515412214034952	322	4
BACasv167	0.320009506413183	0.225651577503429	54	2
BACasv168	-0.729443124295978	0.208546089760817	61	3
BACasv169	1.04410929024634	0.48765306122449	280	3
BACasv17	1.06204898454687	0.18901384083045	68	2
BACasv171	0.103275813050332	0.480287766033703	277	4
BACasv172	0.691029245480025	0.0688775510204082	56	2
BACasv177	1.43306872361371	0	68	2
BACasv179	0.903040524946792	0.250865051903114	68	2
BACasv181	0.272285554288109	0.0498419994254524	118	3
BACasv184	0.479017966013258	0.266590060327492	59	2
BACasv185	0.956043344813483	0.304398148148148	72	2
BACasv19	-0.157015872387041	0.518241884515944	59	2
BACasv191	1.43306872361371	0.151935719503287	74	2
BACasv196	0.744032065346717	0.0992865636147443	58	2
BACasv197	0.956043344813483	0.0634238108035474	61	2
BACasv202	1.71887936821777	0.342497219990098	351	4
BACasv203	-1.36273482034235	0.544297520661157	110	4
BACasv204	-1.99102509179635	0.565157750342935	54	4
BACasv208	1.43306872361371	0.151935719503287	74	2
BACasv209	0.994843945397942	0.523371141902577	309	3
BACasv21	0.60072118661076	0.525359880020312	291	3
BACasv210	1.53936786208806	0.346508670832995	333	4
BACasv211	1.06204898454687	0.248363419956358	71	2
BACasv214	-1.17283122793156	0.490702479338843	44	3
BACasv216	0.912735037317279	0.523472031702484	324	3
BACasv217	-0.316024331987116	0.505123966942149	55	2
BACasv220	1.64408290733039	0.341347534393192	339	4
BACasv224	1.0769528534786	0.523133727810651	325	3
BACasv225	0.978422163781809	0.497953723542949	297	3
BACasv226	-1.10714410146703	0.4984	50	3
BACasv227	1.00904616468017	0.0322493953238376	61	2
BACasv228	0.847047910852748	0.489481964920459	262	3
BACasv229	0.596932454907051	0.247334195386143	231	4
BACasv231	-1.33281623598739	0.260559190957763	82	4
BACasv232	0.479017966013258	0.108223567105732	53	2
BACasv233	-0.581038431320575	0.598714416896235	66	2
BACasv235	-1.43753128122973	0.137975778546713	68	4
BACasv239	1.38006590374702	0.106328109502083	71	2
BACasv241	-1.10714410146703	0.540680473372781	52	3
BACasv242	-1.00371180808292	0.549207206512094	161	4
BACasv243	0.8500377050801	0.095	60	2
BACasv244	-1.30420548086062	0.636678200692042	51	3
BACasv245	-0.899055350520724	0.571088637715645	41	2
BACasv246	0.103275813050332	0.521279919375157	315	4
BACasv248	0.962000382165676	0.497686149289648	294	3
BACasv249	-1.22209657277996	0.5376	50	3
BACasv25	0.896313255701146	0.536192116647973	316	3
BACasv250	0.426015146146567	0.141687433250267	53	2
BACasv254	1.02768750863021	0.486804207014297	277	3
BACasv256	1.59207718321378	0.027391975308642	72	2
BACasv257	-1.05787875661863	0.26125	40	3
BACasv258	1.16805462428025	0	63	2
BACasv26	0.994843945397942	0.52910950052212	311	3
BACasv262	1.4496121090232	0.341623668639053	325	4
BACasv263	1.10979641671087	0.495419839013604	303	3
BACasv264	0.585023605746642	0.0713305898491083	54	2
BACasv272	0.0549954070797252	0.310650887573965	52	2
BACasv273	-0.581038431320575	0.571021715913136	53	2
BACasv274	1.10979641671087	0.495419839013604	303	3
BACasv275	1.0769528534786	0.523133727810651	325	3
BACasv278	1.11505180441356	0.11386593204775	66	2
BACasv279	1.71887936821777	0.342497219990098	351	4
BACasv280	1.64408290733039	0.35808150907866	351	4
BACasv281	0.19303156611519	0.455564257742969	265	4
BACasv282	1.04410929024634	0.48765306122449	280	3
BACasv283	1.53907436334709	0.0277722674072605	71	2
BACasv286	0.107998226946417	0.296597633136095	52	2
BACasv287	-0.839159594130676	0.216524216524216	117	4
BACasv289	1.68896078386282	0.35596412269782	354	4
BACasv29	0.354394462368771	0.375	160	3
BACasv290	-1.57216491082702	0.505353955978584	82	4
BACasv293	-0.450272836821724	0.489464099895942	124	3
BACasv294	-2.09574013703869	0.287334593572779	23	4
BACasv295	-1.18925300954769	0.13265306122449	28	3
BACasv302	-0.263021512120425	0.569758948137327	74	2
BACasv303	0.282787319180048	0.515412214034952	322	4
BACasv307	-1.97606579961888	0.312213039485767	33	4
BACasv310	-0.581038431320575	0.571021715913136	53	2
BACasv312	-0.495095874048721	0.3565625	160	4
BACasv313	1.68896078386282	0.35596412269782	354	4
BACasv314	0.19303156611519	0.455564257742969	265	4
BACasv32	0.744032065346717	0.277777777777778	66	2
BACasv320	0.133194397405285	0.0457003785830179	172	4
BACasv321	0.434724247203609	0.321042387543253	136	1
BACasv326	0.237909442647619	0	175	4
BACasv327	1.71887936821777	0.342497219990098	351	4
BACasv33	0.830626129236616	0.37995	200	3
BACasv331	-0.928915347195534	0.126664201183432	104	4
BACasv332	0.237909442647619	0	175	4
BACasv333	-0.360462244451434	0.498730764517428	239	4
BACasv334	0.207990858292667	0.523854090577064	296	4
BACasv335	1.43306872361371	0.151935719503287	74	2
BACasv338	0.537095286197146	0.0101520199916701	196	4
BACasv339	1.64408290733039	0.35808150907866	351	4
BACasv340	-1.64109482865441	0.525951557093426	17	2
BACasv341	-1.11106662998749	0.63558171118153	47	2
BACasv342	1.0769528534786	0.528415532879819	336	3
BACasv343	1.0769528534786	0.523133727810651	325	3
BACasv346	1.25759245125606	0.21875	200	3
BACasv347	-0.581038431320575	0.332409972299169	38	2
BACasv349	1.7039200760403	0.35757795732862	356	4
BACasv35	-0.719485256710865	0.329447595043058	138	4
BACasv350	-0.10401305252035	0.461166353130879	61	2
BACasv352	1.32706308388032	0.0840159630329763	69	2
BACasv353	1.64408290733039	0.35808150907866	351	4
BACasv354	0.956043344813483	0.3327246165084	74	2
BACasv355	1.32706308388032	0.173390880090073	73	2
BACasv360	0.507176701842193	0.0302478134110787	196	4
BACasv361	-0.8242003019532	0.0370238519045923	106	4
BACasv362	-0.475032791587191	0.511428571428571	70	2
BACasv364	0.0135200599854743	0.262814590856919	189	4
BACasv365	0.585023605746642	0.0720164609053497	54	2
BACasv368	1.1953041420061	0.00829861111111108	240	4
BACasv369	0.956043344813483	0.0327777777777778	60	2
BACasv375	1.71887936821777	0.342497219990098	351	4
BACasv376	1.19190532479153	0.527415006477364	338	3
BACasv377	0.447339533132288	0.170072115384615	208	4
BACasv378	0.978422163781809	0.491206433627523	279	3
BACasv380	-0.959348066921834	0.262562245359891	47	3
BACasv383	0.0549954070797252	0.457278106508876	65	2
BACasv384	-1.37608072932095	0.332409972299169	19	2
BACasv386	-1.41915795217355	0.5	24	3
BACasv387	-0.74004689092065	0.452333990795529	39	2
BACasv390	-0.846052530654033	0.63735691987513	62	2
BACasv391	0.962000382165676	0.497686149289648	294	3
BACasv392	0.879891474085014	0.492585885268447	271	3
BACasv393	0.0135200599854743	0.499879814914969	258	4
BACasv4	1.47953069337815	0.324417009602195	324	4
BACasv400	0.507176701842193	0.0302478134110787	196	4
BACasv401	0.19303156611519	0.455564257742969	265	4
BACasv402	-0.4220299717205	0.574826989619377	68	2
BACasv404	0.847047910852748	0.531119965563294	301	3
BACasv406	-0.475032791587191	0.400216333153056	43	2
BACasv407	0.638026425613333	0.102678571428571	56	2
BACasv41	0.863469692468881	0.528061799018062	298	3
BACasv410	0.434724247203609	0.321042387543253	136	1
BACasv414	0.35758378006743	0.516059772450613	323	4
BACasv415	-1.73671712477926	0.370535714285714	56	4
BACasv416	0.255863772671976	0.467781508264463	176	3
BACasv418	0.417420948777335	0.433400820501891	274	4
BACasv419	-0.696599561063713	0.501892915089238	86	3
BACasv420	-0.369027151853808	0.502669989320043	53	2
BACasv427	0.434724247203609	0.321042387543253	136	1
BACasv432	-0.554933042758626	0	122	4
BACasv436	0.638026425613333	0.326446280991736	66	2
BACasv437	1.11505180441356	0.255957965847251	73	2
BACasv44	0.781360784388218	0.497733011937557	264	3
BACasv443	-1.18322331421263	0.231568998109641	92	4
BACasv445	0.103275813050332	0.480287766033703	277	4
BACasv448	-1.37608072932095	0.332409972299169	19	2
BACasv45	0.691029245480025	0.275390625	64	2
BACasv452	0.507176701842193	0.0302478134110787	196	4
BACasv453	1.7039200760403	0.35757795732862	356	4
BACasv455	-1.30420548086062	0.5	38	3
BACasv456	-2.58117521777143	0.538103947568968	162	1
BACasv457	1.09337463509474	0.496924259900038	306	3
BACasv458	0.978422163781809	0.497953723542949	297	3
BACasv46	0.267006686546492	0.257201646090535	54	2
BACasv461	0.434724247203609	0.321042387543253	136	1
BACasv463	-1.3926534046973	0.107755102040816	70	4
BACasv464	0.978422163781809	0.497953723542949	297	3
BACasv465	-0.0762356930793836	0.0253122945430638	156	4
BACasv468	0.148153689582761	0.474768956101659	276	4
BACasv47	-0.316024331987116	0.4296875	48	2
BACasv472	-0.240787907031623	0.498211498439126	248	4
BACasv474	-0.696599561063713	0.501892915089238	86	3
BACasv475	0.447339533132288	0.170072115384615	208	4
BACasv478	-0.899055350520724	0.571088637715645	41	2
BACasv479	-1.10714410146703	0.540680473372781	52	3
BACasv485	0.64181033143948	0.422734839476813	290	4
BACasv487	-0.581647089750785	0.564027777777778	120	3
BACasv489	-0.0889936412668079	0.426153846153846	130	3
BACasv490	-1.74710046838779	0.59375	16	2
BACasv491	0.585023605746642	0.103140495867769	55	2
BACasv497	0.237909442647619	0	175	4
BACasv498	0.237909442647619	0	175	4
BACasv499	1.10979641671087	0.495419839013604	303	3
BACasv500	0.237909442647619	0	175	4
BACasv501	-0.581647089750785	0.564027777777778	120	3
BACasv505	-1.32062726247675	0.244897959183674	21	3
BACasv506	-1.40273617055741	0.481994459833795	19	3
BACasv508	0.252868734825095	0.455331490584279	271	4
BACasv510	0.417420948777335	0.433400820501891	274	4
BACasv518	0.103275813050332	0.480287766033703	277	4
BACasv52	0.911077590634054	0.261763115197404	258	4
BACasv521	1.2247488880238	0.0647919852688743	179	3
BACasv526	-0.952058170387416	0.486159169550173	34	2
BACasv528	1.06204898454687	0.204998949800462	69	2
BACasv53	-0.495095874048721	0.16089056920815	138	4
BACasv530	1.2247488880238	0.0647919852688743	179	3
BACasv531	-1.43753128122973	0.204721285459234	71	4
BACasv534	0.252868734825095	0.455331490584279	271	4
BACasv535	-0.581038431320575	0.588104254845177	67	2
BACasv536	1.1953041420061	0.00829861111111108	240	4
BACasv537	0.691029245480025	0	54	2
BACasv539	1.2247488880238	0.0647919852688743	179	3
BACasv54	1.43306872361371	0.171377777777778	75	2
BACasv543	-1.25494013601222	0.260355029585799	26	3
BACasv551	0.103275813050332	0.480287766033703	277	4
BACasv552	-1.10842685332525	0.508498055303959	137	4
BACasv553	1.25759245125606	0.21875	200	3
BACasv555	1.2247488880238	0.0647919852688743	179	3
BACasv557	0.744032065346717	0.24853515625	64	2
BACasv563	0.237909442647619	0	175	4
BACasv566	1.68896078386282	0.35596412269782	354	4
BACasv567	-2.58117521777143	0.538103947568968	162	1
BACasv57	-0.121113569611813	0.4865625	240	4
BACasv571	0.320009506413183	0.204343182627269	53	2
BACasv584	-1.31785694380992	0.417606117047348	101	4
BACasv585	-0.475032791587191	0.509512485136742	58	2
BACasv587	1.31497847942591	0.114704564183377	263	4
BACasv588	-2.58117521777143	0.538103947568968	162	1
BACasv589	0.434724247203609	0.321042387543253	136	1
BACasv590	1.71887936821777	0.342497219990098	351	4
BACasv591	0.19303156611519	0.455564257742969	265	4
BACasv592	1.25759245125606	0.21875	200	3
BACasv594	-0.854118886308152	0.557340720221607	190	4
BACasv595	-1.12356588308316	0.515943694340707	59	3
BACasv6	-0.764363133243294	0.32	135	4
BACasv603	-0.952058170387416	0.486159169550173	34	2
BACasv613	0.237909442647619	0	175	4
BACasv614	0.881159006279101	0.175272464317074	241	4
BACasv616	-0.581038431320575	0.476233589859665	47	2
BACasv617	1.25759245125606	0.21875	200	3
BACasv618	1.0769528534786	0.528415532879819	336	3
BACasv619	-0.220367894195868	0.0449200687012815	87	3
BACasv624	-0.10401305252035	0.28881846989588	47	2
BACasv626	-0.10401305252035	0.28881846989588	47	2
BACasv63	0.847047910852748	0.528170066072968	295	3
BACasv630	-1.37608072932095	0.332409972299169	19	2
BACasv637	-1.61704278735944	0.136859504132231	55	4
BACasv639	0.103275813050332	0.480287766033703	277	4
BACasv64	1.32706308388032	0.130926403491371	71	2
BACasv640	-0.0762356930793836	0.0253122945430638	156	4
BACasv641	-0.405340120983863	0.352108341028009	171	4
BACasv642	0.237909442647619	0	175	4
BACasv643	-1.37608072932095	0.332409972299169	19	2
BACasv648	-1.40273617055741	0.481994459833795	19	3
BACasv651	1.71887936821777	0.342497219990098	351	4
BACasv652	0.237909442647619	0	175	4
BACasv654	0.447339533132288	0.170072115384615	208	4
BACasv655	0.64181033143948	0.422734839476813	290	4
BACasv656	-2.58117521777143	0.538103947568968	162	1
BACasv657	-0.696599561063713	0.501892915089238	86	3
BACasv667	0.320009506413183	0.204343182627269	53	2
BACasv675	0.237909442647619	0	175	4
BACasv676	-0.525014458403673	0.382701644773985	163	4
BACasv677	0.434724247203609	0.321042387543253	136	1
BACasv679	-1.05787875661863	0.0555102040816327	35	3
BACasv68	-0.4220299717205	0.461747397012223	47	2
BACasv682	-0.696599561063713	0.501892915089238	86	3
BACasv684	-0.581038431320575	0.571021715913136	53	2
BACasv685	-1.10714410146703	0.540680473372781	52	3
BACasv691	0.237909442647619	0	175	4
BACasv692	0.447339533132288	0.170072115384615	208	4
BACasv694	0.537095286197146	0.0101520199916701	196	4
BACasv695	-0.157015872387041	0.262716049382716	45	2
BACasv696	0.434724247203609	0.321042387543253	136	1
BACasv697	0.434724247203609	0.321042387543253	136	1
BACasv698	0.434724247203609	0.321042387543253	136	1
BACasv699	-0.846052530654033	0.535590277777778	48	2
BACasv7	0.282787319180048	0.516315073900268	302	4
BACasv70	1.27406026401363	0.213659605551497	74	2
BACasv700	0.19303156611519	0.455564257742969	265	4
BACasv706	-0.696599561063713	0.501892915089238	86	3
BACasv713	0.237909442647619	0	175	4
BACasv714	0.19303156611519	0.455564257742969	265	4
BACasv715	-2.58117521777143	0.538103947568968	162	1
BACasv719	1.25759245125606	0.21875	200	3
BACasv72	0.863469692468881	0.530866666666667	300	3
BACasv720	0.962000382165676	0.497686149289648	294	3
BACasv721	-0.4220299717205	0.107755102040816	35	2
BACasv730	0.237909442647619	0	175	4
BACasv731	0.19303156611519	0.455564257742969	265	4
BACasv732	0.434724247203609	0.321042387543253	136	1
BACasv733	-0.581647089750785	0.564027777777778	120	3
BACasv734	0.434724247203609	0.321042387543253	136	1
BACasv735	0.436503370449434	0.469094349989317	181	3
BACasv736	0.434724247203609	0.321042387543253	136	1
BACasv737	0.434724247203609	0.321042387543253	136	1
BACasv738	0.237909442647619	0	175	4
BACasv74	1.4860715434804	0	69	2
BACasv743	-1.41915795217355	0.5	24	3
BACasv753	0.237909442647619	0	175	4
BACasv756	0.434724247203609	0.321042387543253	136	1
BACasv757	0.19303156611519	0.455564257742969	265	4
BACasv758	1.02768750863021	0.362482204952274	207	3
BACasv759	-1.37608072932095	0.332409972299169	19	2
BACasv760	0.434724247203609	0.321042387543253	136	1
BACasv761	0.19303156611519	0.455564257742969	265	4
BACasv763	1.25759245125606	0.21875	200	3
BACasv768	-1.03363039243787	0.375	120	4
BACasv777	0.237909442647619	0	175	4
BACasv778	0.252868734825095	0.455331490584279	271	4
BACasv779	1.7039200760403	0.35757795732862	356	4
BACasv780	0.507176701842193	0.0302478134110787	196	4
BACasv781	0.434724247203609	0.321042387543253	136	1
BACasv782	0.19303156611519	0.455564257742969	265	4
BACasv783	0.434724247203609	0.321042387543253	136	1
BACasv784	0.19303156611519	0.455564257742969	265	4
BACasv785	0.434724247203609	0.321042387543253	136	1
BACasv79	1.15906176155927	0.523526431695289	311	3
BACasv799	0.237909442647619	0	175	4
BACasv805	-0.928915347195534	0.456977777777778	150	4
BACasv806	0.434724247203609	0.321042387543253	136	1
BACasv807	0.35758378006743	0.516059772450613	323	4
BACasv808	0.434724247203609	0.321042387543253	136	1
BACasv809	-1.40273617055741	0.481994459833795	19	3
BACasv81	0.638026425613333	0.316345270890725	66	2
BACasv810	0.434724247203609	0.321042387543253	136	1
BACasv811	0.237909442647619	0	175	4
BACasv812	-0.581647089750785	0.564027777777778	120	3
BACasv813	0.434724247203609	0.321042387543253	136	1
BACasv814	0.434724247203609	0.321042387543253	136	1
BACasv815	0.434724247203609	0.321042387543253	136	1
BACasv816	0.434724247203609	0.321042387543253	136	1
BACasv82	0.945578600549544	0.483471074380165	264	3
BACasv83	0.781360784388218	0.498586692294646	266	3
BACasv838	0.237909442647619	0	175	4
BACasv84	0.691029245480025	0.281183431952663	65	2
BACasv841	0.237909442647619	0	175	4
BACasv847	0.434724247203609	0.321042387543253	136	1
BACasv848	0.434724247203609	0.321042387543253	136	1
BACasv849	0.434724247203609	0.321042387543253	136	1
BACasv85	1.49448998555563	0.352500362897373	332	4
BACasv850	-0.581647089750785	0.564027777777778	120	3
BACasv852	-0.450217997516292	0.46135326558607	189	4
BACasv861	-1.37608072932095	0.332409972299169	19	2
BACasv87	-1.17283122793156	0.534214876033058	55	3
BACasv870	0.434724247203609	0.321042387543253	136	1
BACasv873	0.237909442647619	0	175	4
BACasv874	0.237909442647619	0	175	4
BACasv875	0.434724247203609	0.321042387543253	136	1
BACasv876	0.879891474085014	0.23614693877551	175	3
BACasv877	0.434724247203609	0.321042387543253	136	1
BACasv878	-1.97799532477642	0.631428571428571	210	1
BACasv879	0.434724247203609	0.321042387543253	136	1
BACasv88	0.507176701842193	0.0302478134110787	196	4
BACasv882	-0.450217997516292	0.46135326558607	189	4
BACasv887	0.879891474085014	0.23614693877551	175	3
BACasv908	0.434724247203609	0.321042387543253	136	1
BACasv909	0.434724247203609	0.321042387543253	136	1
BACasv91	0.0549954070797252	0.477159763313609	65	2
BACasv910	0.434724247203609	0.321042387543253	136	1
BACasv911	0.434724247203609	0.321042387543253	136	1
BACasv945	0.447339533132288	0.170072115384615	208	4
BACasv946	0.434724247203609	0.321042387543253	136	1
BACasv947	0.434724247203609	0.321042387543253	136	1
BACasv948	0.434724247203609	0.321042387543253	136	1
BACasv949	0.434724247203609	0.321042387543253	136	1
BACasv950	-0.581647089750785	0.564027777777778	120	3
BACasv974	0.237909442647619	0	175	4
BACasv977	0.237909442647619	0	175	4
BACasv978	0.434724247203609	0.321042387543253	136	1
BACasv979	0.434724247203609	0.321042387543253	136	1
BACasv98	-0.0762356930793836	0.526331621083808	294	4
BACasv980	0.434724247203609	0.321042387543253	136	1
Cephalobus	0.879891474085014	0.324991091252981	191	3
Ditylenchus	-0.369027151853808	0.491083676268861	54	2
Epidorylaimus	-1.10714410146703	0.314404432132964	38	3
Eudorylaimus	-1.46842329702194	0.461538461538462	13	3
Filenchus	-1.0414569750025	0.431423611111111	48	3
FUNasv1	-0.180950738321718	0.469800344728526	236	4
FUNasv10	0.0135200599854743	0.526925751371398	301	4
FUNasv101	0.551455841762362	0.505469329080659	211	3
FUNasv103	0.0883165208728559	0.456747404844291	255	4
FUNasv104	-0.0762356930793836	0.520436851211073	272	4
FUNasv105	-0.136072861789289	0.0856829891679176	157	4
FUNasv106	0.35758378006743	0.516059772450613	323	4
FUNasv107	1.32993777160339	0.31687979807501	309	4
FUNasv110	0.148153689582761	0.514764295448986	293	4
FUNasv111	0.879891474085014	0.473372781065089	247	3
FUNasv112	1.14263997994313	0.523954214360042	310	3
FUNasv113	0.452925152065567	0.112274448652261	134	3
FUNasv114	0.337972680752639	0.376567382619358	159	3
FUNasv115	0.206598427823578	0.176085663295657	123	3
FUNasv116	-0.195910030499194	0.450288125963802	222	4
FUNasv117	0.35758378006743	0.516059772450613	323	4
FUNasv118	-0.360462244451434	0.519131944444444	240	4
FUNasv12	1.01126572701407	0.479393973655944	266	3
FUNasv120	0.35758378006743	0.516059772450613	323	4
FUNasv122	0.387502364422382	0.0211616002745288	187	4
FUNasv123	0.35758378006743	0.516059772450613	323	4
FUNasv124	0.978422163781809	0.476804733727811	260	3
FUNasv125	0.35758378006743	0.516059772450613	323	4
FUNasv126	-0.435258705338815	0.057919358431722	134	4
FUNasv127	1.04410929024634	0.48765306122449	280	3
FUNasv128	-1.43557973378968	0.620037807183365	23	3
FUNasv129	0.945578600549544	0.483471074380165	264	3
FUNasv13	-1.41915795217355	0.63905325443787	26	3
FUNasv130	0.387502364422382	0.451310296262763	282	4
FUNasv131	0.161001046813108	0	44	2
FUNasv132	-2.17053659792607	0.5248	25	4
FUNasv133	1.10979641671087	0.495419839013604	303	3
FUNasv134	0.633564749843025	0.366178301254429	177	3
FUNasv135	0.962000382165676	0.481198224638205	263	3
FUNasv136	1.55432715426554	0.329274931049499	332	4
FUNasv137	1.53936786208806	0.327199265381084	330	4
FUNasv138	-0.270706491386576	0.520476739715494	255	4
FUNasv14	-0.345502952273957	0.459289868380777	198	4
FUNasv140	-0.255747199209099	0.530488888888889	225	4
FUNasv141	-1.35347082570902	0.468809073724008	23	3
FUNasv142	0.748517221155953	0.494649227110583	261	3
FUNasv144	-0.046317108724431	0.469248	250	4
FUNasv145	0.978422163781809	0.497953723542949	297	3
FUNasv146	0.469346933681699	0.496347432244868	234	3
FUNasv149	1.25759245125606	0.21875	200	3
FUNasv15	-0.827973813992773	0.410887573964497	65	3
FUNasv150	1.40473423249077	0.319239705175453	316	4
FUNasv152	1.46457140120068	0.303697324146771	316	4
FUNasv153	-1.18925300954769	0.516359309934563	41	3
FUNasv154	1.0769528534786	0.523133727810651	325	3
FUNasv155	0.103275813050332	0.515335648148148	288	4
FUNasv157	0.237909442647619	0.521614370927959	319	4
FUNasv16	-0.165991446144242	0.450212345679012	225	4
FUNasv160	1.47953069337815	0.34003871727969	327	4
FUNasv161	1.1953041420061	0.00829861111111108	240	4
FUNasv164	1.52440856991058	0.274511012491782	312	4
FUNasv165	-0.696599561063713	0.501892915089238	86	3
FUNasv167	0.76148466885929	0.138562751072212	227	4
FUNasv168	1.32993777160339	0.303918301531846	305	4
FUNasv169	0.633564749843025	0.492994585589338	245	3
FUNasv17	0.108067738126783	0.0712061274303509	109	3
FUNasv170	-1.43557973378968	0.152777777777778	12	3
FUNasv172	-0.61449065298305	0.184688581314879	68	3
FUNasv173	-1.03363039243787	0.375	120	4
FUNasv175	-0.136072861789289	0.460223537146614	234	4
FUNasv176	-1.35347082570902	0.496527777777778	24	3
FUNasv177	-0.401007491973327	0.516518241884516	118	3
FUNasv179	0.124489519742916	0.0185169010393921	107	3
FUNasv18	1.52440856991058	0.344885215794307	330	4
FUNasv181	-1.41915795217355	0.475308641975309	18	3
FUNasv184	-0.0612764009019073	0.403379043520066	209	4
FUNasv185	0.978422163781809	0.497953723542949	297	3
FUNasv187	1.0769528534786	0.528415532879819	336	3
FUNasv188	0.417420948777335	0.433400820501891	274	4
FUNasv191	0.66640831307529	0.48821473459479	241	3
FUNasv193	1.10979641671087	0.495419839013604	303	3
FUNasv194	-1.33704904409288	0.37603305785124	22	3
FUNasv196	-1.00371180808292	0.0212741357382357	93	4
FUNasv197	0.879891474085014	0.23614693877551	175	3
FUNasv198	-1.0580638101208	0.541666666666667	36	2
FUNasv199	0.103275813050332	0.480287766033703	277	4
FUNasv2	-0.74004689092065	0.43875	40	2
FUNasv20	0.043438644340427	0.510522670360701	274	4
FUNasv200	0.584299404994627	0.0562906952320941	138	3
FUNasv201	0.633564749843025	0.483515955401769	204	3
FUNasv202	0.682830094691423	0.488407932395129	243	3
FUNasv203	-0.37542153662891	0.479710743801653	220	4
FUNasv204	-1.07430053823476	0.499567474048443	68	3
FUNasv206	0.567877623378495	0.25899630816666	157	3
FUNasv208	0.715673657923688	0.432514330446201	199	3
FUNasv209	-2.23037376663597	0.277777777777778	12	4
FUNasv210	-0.240787907031623	0.518768310546875	256	4
FUNasv212	-0.0612764009019073	0.403379043520066	209	4
FUNasv215	0.830626129236616	0.529780797460821	284	3
FUNasv217	1.2247488880238	0.0647919852688743	179	3
FUNasv218	-0.704525964533389	0	112	4
FUNasv219	-1.03363039243787	0.375	120	4
FUNasv22	0.420081588833302	0.503093429399327	226	3
FUNasv220	-1.40273617055741	0.43213296398892	19	3
FUNasv221	1.64408290733039	0.35808150907866	351	4
FUNasv222	0.962000382165676	0.521454081632653	280	3
FUNasv223	1.7039200760403	0.314922446693043	338	4
FUNasv225	1.16805462428025	0.202737552073001	71	2
FUNasv226	0.962000382165676	0.497686149289648	294	3
FUNasv227	1.52440856991058	0.34331905937001	332	4
FUNasv229	0.896313255701146	0.529109589041096	292	3
FUNasv23	-1.43557973378968	0.512110726643599	17	3
FUNasv231	-0.483116400053989	0.260631001371742	81	3
FUNasv232	-0.0313578165469547	0.518461064943059	285	4
FUNasv233	1.2247488880238	0.0647919852688743	179	3
FUNasv234	0.764939002772086	0.487928763035507	251	3
FUNasv236	0.0284793521629506	0.0360648423557406	164	4
FUNasv237	-0.749403841065818	0.451429980276134	156	4
FUNasv238	0.35758378006743	0.516059772450613	323	4
FUNasv24	-1.27007508958757	0.452662721893491	26	2
FUNasv241	0.436503370449434	0.0600925425154738	129	3
FUNasv243	-1.17283122793156	0.224765868886576	31	3
FUNasv245	-0.00688473318614502	0.139551441794233	106	3
FUNasv246	-0.581038431320575	0.25469387755102	35	2
FUNasv248	0.237909442647619	0.521614370927959	319	4
FUNasv249	1.68896078386282	0.35596412269782	354	4
FUNasv25	0.814204347620483	0.522261157024793	275	3
FUNasv250	0.297746611357524	0.0110493827160494	180	4
FUNasv251	1.2247488880238	0.0647919852688743	179	3
FUNasv252	0.879891474085014	0.23614693877551	175	3
FUNasv253	-1.27136191762835	0.709444444444444	60	3
FUNasv254	-0.528035611453883	0.579561042524005	54	2
FUNasv255	-1.45200151540581	0.537037037037037	18	3
FUNasv256	-0.581647089750785	0.564027777777778	120	3
FUNasv257	-1.03363039243787	0.375	120	4
FUNasv26	1.32993777160339	0.30723226109616	306	4
FUNasv260	1.7039200760403	0.35757795732862	356	4
FUNasv262	1.35985635595834	0.299030287496262	306	4
FUNasv264	-1.45200151540581	0.448979591836735	14	3
FUNasv265	-0.634041251187266	0.55893377759267	49	2
FUNasv266	-1.18322331421263	0.359282544378698	104	4
FUNasv267	-0.663755997831448	0.500441863401086	89	3
FUNasv269	-1.18925300954769	0.47125	40	3
FUNasv27	0.73209543953982	0.491493383742911	253	3
FUNasv270	1.02768750863021	0.362482204952274	207	3
FUNasv271	1.10979641671087	0.495419839013604	303	3
FUNasv273	-1.15330472985768	0.195888468809074	92	4
FUNasv274	-0.913956055018058	0.0199979593918987	99	4
FUNasv277	-1.10842685332525	0.508498055303959	137	4
FUNasv278	-1.37608072932095	0.354570637119114	19	2
FUNasv28	0.73209543953982	0.484343511321106	243	3
FUNasv280	-2.23037376663597	0.525951557093426	17	4
FUNasv281	1.30685779610446	0.451036806249161	259	3
FUNasv283	0.507176701842193	0.0302478134110787	196	4
FUNasv284	-1.74710046838779	0.59375	16	2
FUNasv285	-0.450217997516292	0.46135326558607	189	4
FUNasv288	-1.03363039243787	0.375	120	4
FUNasv290	-0.515959963286255	0.2721875	80	3
FUNasv292	0.682830094691423	0.249851279000595	164	3
FUNasv295	0.814204347620483	0.524954776675691	287	3
FUNasv297	-1.1383454376802	0.478551126974684	123	4
FUNasv3	1.15042626547367	0.27699184657069	283	4
FUNasv30	-0.210869322676671	0.451260211707377	221	4
FUNasv300	-0.121113569611813	0.46890907667006	226	4
FUNasv305	-1.06354897679282	0.487308496805925	133	4
FUNasv307	0.222950150470143	0.514380925021546	295	4
FUNasv311	0.19303156611519	0.455564257742969	265	4
FUNasv312	-1.13998766469929	0.566430653894211	49	3
FUNasv315	-1.74710046838779	0.59375	16	2
FUNasv316	0.282787319180048	0.515412214034952	322	4
FUNasv319	0.252868734825095	0.455331490584279	271	4
FUNasv32	-0.749403841065818	0.0180165289256199	110	4
FUNasv321	1.2247488880238	0.0647919852688743	179	3
FUNasv322	-0.240787907031623	0.0656501095690285	148	4
FUNasv323	-0.405340120983863	0.494032907280559	238	4
FUNasv324	-0.94387463937301	0	96	4
FUNasv326	1.1953041420061	0.00829861111111108	240	4
FUNasv328	0.0284793521629506	0.521737048167527	289	4
FUNasv33	1.31497847942591	0.309228701961838	305	4
FUNasv334	0.237909442647619	0	175	4
FUNasv335	-0.0612764009019073	0.403379043520066	209	4
FUNasv338	0.103275813050332	0.480287766033703	277	4
FUNasv339	0.821321837569196	0.173369721344441	236	4
FUNasv34	0.764939002772086	0.470076811140378	233	3
FUNasv340	0.879891474085014	0.23614693877551	175	3
FUNasv345	1.2247488880238	0.0647919852688743	179	3
FUNasv346	0.821321837569196	0.173369721344441	236	4
FUNasv348	1.09337463509474	0.496924259900038	306	3
FUNasv349	-0.450217997516292	0.46135326558607	189	4
FUNasv35	0.237909442647619	0.521614370927959	319	4
FUNasv350	-1.74710046838779	0.5	12	2
FUNasv354	1.2247488880238	0.0647919852688743	179	3
FUNasv355	0.434724247203609	0.321042387543253	136	1
FUNasv358	0.312705903535001	0.400638699375817	249	4
FUNasv359	0.962000382165676	0.497686149289648	294	3
FUNasv360	-0.450217997516292	0.46135326558607	189	4
FUNasv363	0.879891474085014	0.23614693877551	175	3
FUNasv368	-0.480136581871244	0.517295835586804	215	4
FUNasv369	1.2247488880238	0.0647919852688743	179	3
FUNasv37	-1.20567479116382	0.53125	56	3
FUNasv370	-2.58117521777143	0.538103947568968	162	1
FUNasv372	0.0588023932783853	0.104938271604938	108	3
FUNasv375	0.436503370449434	0.469094349989317	181	3
FUNasv376	0.962000382165676	0.497686149289648	294	3
FUNasv377	0.0135200599854743	0.525215697536491	283	4
FUNasv38	0.118235105227809	0.374928983037091	222	4
FUNasv380	-2.15557730574859	0.332409972299169	19	4
FUNasv381	-0.581647089750785	0.564027777777778	120	3
FUNasv382	1.2247488880238	0.0647919852688743	179	3
FUNasv383	0.237909442647619	0	175	4
FUNasv384	-1.97799532477642	0.631428571428571	210	1
FUNasv385	1.2247488880238	0.0647919852688743	179	3
FUNasv389	0.821321837569196	0.173369721344441	236	4
FUNasv39	0.671728915794433	0.0900078609485545	214	4
FUNasv390	0.237909442647619	0	175	4
FUNasv391	-1.02503519338636	0.0997229916897507	38	3
FUNasv399	0.978422163781809	0.497953723542949	297	3
FUNasv4	-0.384585710357194	0.488165680473373	130	3
FUNasv40	-0.37542153662891	0.462366976732201	197	4
FUNasv400	-1.41915795217355	0.475308641975309	18	3
FUNasv402	-1.17283122793156	0.23309053069719	31	3
FUNasv404	-1.13998766469929	0.566430653894211	49	3
FUNasv407	-0.0612764009019073	0.403379043520066	209	4
FUNasv41	-2.06582155268373	0	21	4
FUNasv412	0.945578600549544	0.475017301038062	255	3
FUNasv414	0.237909442647619	0	175	4
FUNasv415	-1.00371180808292	0.0611634349030471	95	4
FUNasv416	-0.581647089750785	0.564027777777778	120	3
FUNasv417	1.10979641671087	0.495419839013604	303	3
FUNasv419	0.537095286197146	0.0101520199916701	196	4
FUNasv422	1.2247488880238	0.0647919852688743	179	3
FUNasv424	-1.0414569750025	0.528925619834711	55	3
FUNasv426	0.19303156611519	0.455564257742969	265	4
FUNasv428	1.1953041420061	0.00829861111111108	240	4
FUNasv429	1.1953041420061	0.00829861111111108	240	4
FUNasv43	1.01126572701407	0.479393973655944	266	3
FUNasv434	0.272285554288109	0.354194032651529	146	3
FUNasv439	0.19303156611519	0.455564257742969	265	4
FUNasv440	0.821321837569196	0.173369721344441	236	4
FUNasv447	0.237909442647619	0	175	4
FUNasv448	0.896313255701146	0.529109589041096	292	3
FUNasv449	0.237909442647619	0	175	4
FUNasv450	-0.510055166226197	0	125	4
FUNasv451	-0.255747199209099	0.0535747795083505	146	4
FUNasv455	0.237909442647619	0	175	4
FUNasv457	0.237909442647619	0	175	4
FUNasv46	-1.34777552816487	0.1472	75	4
FUNasv461	-0.581647089750785	0.564027777777778	120	3
FUNasv464	1.1953041420061	0.00829861111111108	240	4
FUNasv465	-1.97799532477642	0.631428571428571	210	1
FUNasv467	-0.581647089750785	0.564027777777778	120	3
FUNasv468	-1.80010328825448	0.541666666666667	12	2
FUNasv47	-0.384585710357194	0.195294784580499	84	3
FUNasv470	0.417420948777335	0.433400820501891	274	4
FUNasv473	-1.38631438894128	0	14	3
FUNasv475	-1.32307790945426	0.34	20	2
FUNasv476	0.879891474085014	0.23614693877551	175	3
FUNasv477	0.434724247203609	0.321042387543253	136	1
FUNasv478	-0.450217997516292	0.46135326558607	189	4
FUNasv48	0.507176701842193	0.06755	200	4
FUNasv483	-0.581647089750785	0.564027777777778	120	3
FUNasv486	0.237909442647619	0	175	4
FUNasv49	0.0284793521629506	0.533392284234035	297	4
FUNasv496	-1.03363039243787	0.375	120	4
FUNasv497	0.879891474085014	0.23614693877551	175	3
FUNasv5	1.0769528534786	0.486012081913856	281	3
FUNasv50	1.3897749403133	0.31381355326685	313	4
FUNasv500	0.537095286197146	0.0101520199916701	196	4
FUNasv502	0.237909442647619	0	175	4
FUNasv503	0.434724247203609	0.321042387543253	136	1
FUNasv507	1.19190532479153	0.527415006477364	338	3
FUNasv51	0.103275813050332	0.515335648148148	288	4
FUNasv512	-0.581647089750785	0.564027777777778	120	3
FUNasv513	-1.28778369924449	0.090702947845805	21	3
FUNasv517	0.237909442647619	0	175	4
FUNasv518	1.2247488880238	0.0647919852688743	179	3
FUNasv52	-2.23037376663597	0.277777777777778	12	4
FUNasv520	-1.97799532477642	0.631428571428571	210	1
FUNasv521	-1.17283122793156	0.534214876033058	55	3
FUNasv522	0.237909442647619	0	175	4
FUNasv523	-0.581647089750785	0.564027777777778	120	3
FUNasv528	-1.97799532477642	0.631428571428571	210	1
FUNasv53	0.321550899136506	0.378144528120493	158	3
FUNasv530	0.537095286197146	0.0101520199916701	196	4
FUNasv532	0.237909442647619	0	175	4
FUNasv533	0.434724247203609	0.321042387543253	136	1
FUNasv534	-1.38631438894128	0.653810835629017	33	3
FUNasv545	0.237909442647619	0.451682587776515	267	4
FUNasv546	-0.696599561063713	0.501892915089238	86	3
FUNasv547	-0.581647089750785	0.564027777777778	120	3
FUNasv55	-1.7067985404243	0.505987518974532	77	4
FUNasv551	0.434724247203609	0.321042387543253	136	1
FUNasv552	-1.32062726247675	0.244897959183674	21	3
FUNasv557	-1.97799532477642	0.631428571428571	210	1
FUNasv559	0.434724247203609	0.321042387543253	136	1
FUNasv560	0.434724247203609	0.321042387543253	136	1
FUNasv561	0.879891474085014	0.23614693877551	175	3
FUNasv570	0.19303156611519	0.455564257742969	265	4
FUNasv571	-1.97799532477642	0.631428571428571	210	1
FUNasv572	0.434724247203609	0.321042387543253	136	1
FUNasv573	-2.58117521777143	0.538103947568968	162	1
FUNasv574	-1.97799532477642	0.631428571428571	210	1
FUNasv575	-1.32062726247675	0.244897959183674	21	3
FUNasv58	-0.569892334936102	0.496370327173279	223	4
FUNasv581	-1.80010328825448	0.23705127085335	107	2
FUNasv586	0.434724247203609	0.321042387543253	136	1
FUNasv591	0.434724247203609	0.321042387543253	136	1
FUNasv592	0.434724247203609	0.321042387543253	136	1
FUNasv594	1.2247488880238	0.0647919852688743	179	3
FUNasv6	0.682830094691423	0.249851279000595	164	3
FUNasv60	-1.32062726247675	0.0997229916897507	19	3
FUNasv603	0.434724247203609	0.321042387543253	136	1
FUNasv605	-1.97799532477642	0.631428571428571	210	1
FUNasv606	-0.696599561063713	0.501892915089238	86	3
FUNasv61	0.206598427823578	0.05155432440751	114	3
FUNasv619	0.434724247203609	0.321042387543253	136	1
FUNasv62	0.764939002772086	0.487928763035507	251	3
FUNasv620	-0.581647089750785	0.564027777777778	120	3
FUNasv625	0.434724247203609	0.321042387543253	136	1
FUNasv626	0.434724247203609	0.321042387543253	136	1
FUNasv627	0.434724247203609	0.321042387543253	136	1
FUNasv63	-0.136072861789289	0.445352359693878	224	4
FUNasv632	0.19303156611519	0.455564257742969	265	4
FUNasv633	0.19303156611519	0.455564257742969	265	4
FUNasv634	0.434724247203609	0.321042387543253	136	1
FUNasv635	0.434724247203609	0.321042387543253	136	1
FUNasv636	-1.41915795217355	0.259069101927447	109	3
FUNasv64	1.41969352466825	0.312300327538423	315	4
FUNasv65	1.27010060289349	0.285986785406492	295	4
FUNasv650	0.237909442647619	0	175	4
FUNasv655	0.434724247203609	0.321042387543253	136	1
FUNasv656	0.434724247203609	0.321042387543253	136	1
FUNasv657	0.434724247203609	0.321042387543253	136	1
FUNasv658	-1.97799532477642	0.631428571428571	210	1
FUNasv66	0.764939002772086	0.4872	250	3
FUNasv672	0.434724247203609	0.321042387543253	136	1
FUNasv673	0.434724247203609	0.321042387543253	136	1
FUNasv674	0.434724247203609	0.321042387543253	136	1
FUNasv675	-0.581647089750785	0.564027777777778	120	3
FUNasv676	-0.581647089750785	0.564027777777778	120	3
FUNasv68	-1.43557973378968	0.4765625	16	3
FUNasv688	0.434724247203609	0.321042387543253	136	1
FUNasv689	0.434724247203609	0.321042387543253	136	1
FUNasv69	0.814204347620483	0.496107266435986	272	3
FUNasv690	0.434724247203609	0.321042387543253	136	1
FUNasv691	0.434724247203609	0.321042387543253	136	1
FUNasv7	-0.499538181670122	0.2659375	80	3
FUNasv70	1.24018201853853	0.301783264746228	297	4
FUNasv71	0.267828027002572	0.511104575804115	303	4
FUNasv710	0.434724247203609	0.321042387543253	136	1
FUNasv711	0.434724247203609	0.321042387543253	136	1
FUNasv712	0.434724247203609	0.321042387543253	136	1
FUNasv73	1.09337463509474	0.496924259900038	306	3
FUNasv735	0.434724247203609	0.321042387543253	136	1
FUNasv736	0.434724247203609	0.321042387543253	136	1
FUNasv737	0.434724247203609	0.321042387543253	136	1
FUNasv738	0.434724247203609	0.321042387543253	136	1
FUNasv739	0.434724247203609	0.321042387543253	136	1
FUNasv74	-1.12338614550273	0.53973792040245	157	4
FUNasv740	-0.581647089750785	0.564027777777778	120	3
FUNasv75	-0.106154277434336	0.477067888379842	245	4
FUNasv76	-1.09072231985089	0.0587695133149678	33	3
FUNasv766	0.434724247203609	0.321042387543253	136	1
FUNasv77	-1.41915795217355	0.520775623268698	19	3
FUNasv78	-2.09574013703869	0.235537190082645	22	4
FUNasv783	0.434724247203609	0.321042387543253	136	1
FUNasv79	-1.45200151540581	0.5078125	16	3
FUNasv8	0.863469692468881	0.486952662721894	260	3
FUNasv80	-0.138258986115206	0.14993752603082	98	3
FUNasv81	0.60072118661076	0.524082359386413	296	3
FUNasv83	1.71887936821777	0.318593755343525	342	4
FUNasv84	1.7039200760403	0.35757795732862	356	4
FUNasv85	-0.00143923219200201	0.439636598678541	236	4
FUNasv86	-1.90126933873149	0.467179719330014	47	4
FUNasv87	0.252868734825095	0.455331490584279	271	4
FUNasv88	1.14263997994313	0.523954214360042	310	3
FUNasv9	0.912735037317279	0.530211218836565	304	3
FUNasv90	-0.483116400053989	0.528780640613987	113	3
FUNasv92	-0.734444548888342	0.517184747230434	183	4
FUNasv93	0.237909442647619	0.521614370927959	319	4
FUNasv94	-0.0911949852568599	0.0377218934911243	156	4
FUNasv95	0.0733572286953796	0.470722686941477	251	4
FUNasv96	-1.00861341177023	0.0973044049967127	39	3
FUNasv97	-2.11069942921616	0.402777777777778	24	4
FUNasv98	0.73209543953982	0.484343511321106	243	3
FUNasv99	1.35985635595834	0.345318933579662	319	4
Heterocephalobus	-1.30420548086062	0.287334593572779	23	3
Klarkus	-1.32062726247675	0.4921875	32	3
Mesodorylaimus	-2.26029235099093	0.642659279778393	38	4
Mesorhabditis	0.108067738126783	0.374675605536332	136	3
Paraphelenchus	-1.36273482034235	0.209141507842806	77	4
ProASV10	0.434724247203609	0.321042387543253	136	1
ProASV101	-0.68017777944758	0.546384222059898	111	3
ProASV104	0.434724247203609	0.321042387543253	136	1
ProASV107	-0.687044071053958	0.264462809917355	33	2
ProASV108	-1.41915795217355	0.142011834319527	13	3
ProASV11	-2.05086226050626	0.447265625	32	4
ProASV113	-0.4220299717205	0.508136094674556	52	2
ProASV116	-1.36989260732515	0.458677685950413	22	3
ProASV121	-1.50126686025421	0.486111111111111	12	3
ProASV122	-1.05787875661863	0.438207333635129	47	3
ProASV123	0.0135200599854743	0.0587695133149678	165	4
ProASV124	-1.15640944631542	0.517082179132041	57	3
ProASV127	0.434724247203609	0.321042387543253	136	1
ProASV129	0.19303156611519	0.455564257742969	265	4
ProASV131	0.140911301359048	0.240504682622268	124	3
ProASV133	0.19303156611519	0.455564257742969	265	4
ProASV138	-0.0612764009019073	0.44539409456796	233	4
ProASV140	0.434724247203609	0.321042387543253	136	1
ProASV148	0.19303156611519	0.455564257742969	265	4
ProASV16	-0.180950738321718	0.470359168241966	230	4
ProASV162	-1.45200151540581	0	10	3
ProASV164	-1.10842685332525	0.54711721844589	143	4
ProASV171	-1.94614721526392	0.169921875	32	4
ProASV175	-2.17053659792607	0.345679012345679	18	4
ProASV179	0.267828027002572	0.519965277777778	336	4
ProASV182	0.19303156611519	0.455564257742969	265	4
ProASV187	-2.26029235099093	0.197530864197531	9	4
ProASV190	-0.00143923219200201	0.409258179331979	223	4
ProASV193	0.686688207971909	0.446401763933196	292	4
ProASV196	-1.58809200878772	0.219117123531506	106	2
ProASV2	-2.17053659792607	0.37037037037037	18	4
ProASV201	-0.480136581871244	0.496162581251468	226	4
ProASV202	0.434724247203609	0.321042387543253	136	1
ProASV203	-1.75167641695673	0.12641975308642	45	4
ProASV205	-1.3926534046973	0.0294052127422588	67	4
ProASV210	0.903040524946792	0.250865051903114	68	2
ProASV211	-1.45200151540581	0.444444444444444	15	3
ProASV212	-1.76663570913421	0.127066115702479	44	4
ProASV216	-0.809241009775723	0.493153010411951	188	4
ProASV217	0.492217409664717	0.413066270884111	271	4
ProASV218	-0.634041251187266	0.483132028321533	49	2
ProASV227	-1.58809200878772	0.219117123531506	106	2
ProASV228	-1.94614721526392	0.463842975206612	44	4
ProASV231	-1.27136191762835	0.451111111111111	30	3
ProASV232	-0.236789675812001	0.249895876718034	98	3
ProASV233	-0.495095874048721	0.460854700854701	195	4
ProASV234	-0.417429273589459	0.211932065611845	83	3
ProASV238	-2.18549589010355	0.53125	24	4
ProASV241	-1.41915795217355	0.653061224489796	28	3
ProASV242	1.53907436334709	0.0277722674072605	71	2
ProASV244	-1.6940976485211	0.520408163265306	14	2
ProASV246	-1.43557973378968	0.475308641975309	18	3
ProASV247	0.0135200599854743	0.262814590856919	189	4
ProASV248	0.35758378006743	0.247525843637726	213	4
ProASV253	0.043438644340427	0.42603550295858	234	4
ProASV256	0.847047910852748	0.500601195617199	243	3
ProASV26	-0.157015872387041	0.095	40	2
ProASV28	-1.30420548086062	0.172335600907029	21	3
ProASV29	-1.80010328825448	0.23705127085335	107	2
ProASV31	-2.06582155268373	0.451171875	32	4
ProASV32	-1.48484507863808	0.489795918367347	14	3
ProASV35	-0.793049710787341	0.480609418282548	38	2
ProASV43	-0.696599561063713	0.501892915089238	86	3
ProASV45	-1.33704904409288	0.505917159763314	26	3
ProASV47	0.387238025601037	0.345420812953281	154	3
ProASV51	-2.24533305881345	0.5	18	4
ProASV52	-0.187524330963603	0.154238227146814	95	3
ProASV53	-1.22209657277996	0.203017832647462	27	3
ProASV61	-0.696599561063713	0.525540393672262	91	3
ProASV62	-1.11106662998749	0.288194444444444	24	2
ProASV63	-1.43557973378968	0	11	3
ProASV65	-2.2752516431684	0.462809917355372	11	4
ProASV66	0.479017966013258	0.191326530612245	56	2
ProASV67	0.492217409664717	0.0302958579881657	195	4
ProASV72	-1.38631438894128	0.512396694214876	22	3
ProASV90	-0.0397282964184102	0.40632657607485	134	3
ProASV92	0.434724247203609	0.321042387543253	136	1
ProASV94	1.02768750863021	0.362482204952274	207	3
ProASV95	-2.23037376663597	0.48	15	4
Rhabdolaimus	-1.6469613717144	0.553345913775584	83	4
Thonus	-1.38631438894128	0.66617969320672	37	3
Tripyla	-2.15557730574859	0.606281957633309	37	4
