nodes_id	within_module_connectivities	among_module_connectivities	degree	modularity
Aporcelaimellus	0.499693275134541	0.445163602631135	308	4
BACasv1	1.31754111271687	0.0920915712799167	62	2
BACasv10	-1.33526562413796	0.282559323361266	113	4
BACasv1003	-2.87364316784399	0.624567474048443	68	1
BACasv1007	0.363935932363034	0.384430473372781	104	1
BACasv1008	0.363935932363034	0.384430473372781	104	1
BACasv1009	0.528558598475255	0.597203978232314	146	1
BACasv101	1.31754111271687	0.0634238108035474	61	2
BACasv1025	1.21405479183966	0.591006944444444	240	3
BACasv1026	0.363935932363034	0.384430473372781	104	1
BACasv1027	0.363935932363034	0.384430473372781	104	1
BACasv104	1.08150951148923	0.147611407277056	278	4
BACasv1043	0.363935932363034	0.384430473372781	104	1
BACasv1044	0.363935932363034	0.384430473372781	104	1
BACasv107	1.12626460659344	0.0299556159551244	263	4
BACasv108	0.514611640169277	0.212034290022784	247	4
BACasv109	0.970039314455434	0.477875179355055	309	3
BACasv116	1.20592292288996	0.316603848442769	71	2
BACasv119	0.738387115690313	0.160615148019992	255	4
BACasv122	0.20135921444775	0.454876033057851	55	2
BACasv125	0.335591259752448	0.278108268887567	246	4
BACasv126	-2.36463281153472	0.330905306971904	31	4
BACasv131	0.216244339474562	0.46265030345013	311	4
BACasv132	0.559366735273484	0.459420632774473	344	4
BACasv133	0.827897305898727	0.216227992538228	271	4
BACasv136	0.480404689015031	0.23683198769704	51	2
BACasv137	1.05877221532243	0.454698350694444	192	3
BACasv14	1.20592292288996	0.095	60	2
BACasv141	-1.73806148007582	0.193066666666667	75	4
BACasv142	-1.3949390842769	0.437560065577478	133	4
BACasv143	0.20135921444775	0.405838376646493	53	2
BACasv147	1.14118297162818	0.090702947845805	273	4
BACasv149	-0.0776862601195313	0.526879587383456	71	2
BACasv152	1.05877221532243	0.399524375743163	174	3
BACasv155	1.31754111271687	0.0920915712799167	62	2
BACasv157	0.459825134470234	0.399754956560481	134	3
BACasv159	0.6478319737554	0.147635524798155	51	2
BACasv16	-1.02645095505187	0.529974489795918	56	3
BACasv162	-0.747395399081006	0.531229454306377	39	2
BACasv164	0.926877448322681	0.231111111111111	60	2
BACasv166	1.0665911464545	0.330921792434993	317	4
BACasv167	0.312977404274662	0.129132231404959	44	2
BACasv168	-0.937718054184878	0.5	56	3
BACasv169	0.18640760940509	0.477975918305136	324	4
BACasv17	1.03849563814959	0.128418549346017	58	2
BACasv171	0.723468750655577	0.222963423596585	266	4
BACasv177	0.982686543236137	0.130501692828563	57	2
BACasv179	1.26173201780342	0.232568500779684	67	2
BACasv180	-1.02645095505187	0.487426035502959	52	3
BACasv181	0.459825134470234	0.467953853549111	158	3
BACasv183	-1.79773494021476	0.253104455807158	74	4
BACasv184	0.480404689015031	0.32	55	2
BACasv185	0.815259258495769	0.327538422776518	63	2
BACasv186	-1.47291363295594	0.402777777777778	12	2
BACasv19	-0.0776862601195313	0.532235939643347	54	2
BACasv191	1.31754111271687	0.118921642731167	63	2
BACasv197	0.871068353409225	0.104938271604938	54	2
BACasv199	-2.03642878077054	0.285076530612245	56	4
BACasv202	1.12626460659344	0.0299556159551244	263	4
BACasv203	-1.70822475000635	0.48961937716263	102	4
BACasv204	-0.300922639773356	0.50882752376641	47	2
BACasv206	0.260176107519504	0.392623438429506	123	3
BACasv208	1.31754111271687	0.118921642731167	63	2
BACasv209	0.559366735273484	0.424660037624294	305	4
BACasv21	0.544448370238748	0.383174189814815	288	4
BACasv210	0.902489131072406	0.129858399860148	262	4
BACasv211	0.926877448322681	0.209135305946567	59	2
BACasv214	-1.49229868460357	0.647242455775234	31	3
BACasv216	0.827897305898727	0.395969305011669	318	4
BACasv217	-1.2704664324361	0.558205767176931	53	3
BACasv220	0.723468750655577	0.154353294068022	253	4
BACasv224	0.753305480725048	0.424733295632087	323	4
BACasv225	0.559366735273484	0.459420632774473	344	4
BACasv226	-1.04863418026862	0.478967097042899	49	3
BACasv227	0.982686543236137	0.157550535077289	58	2
BACasv228	0.970039314455434	0.477875179355055	309	3
BACasv229	-0.634102467505375	0.274872448979592	168	4
BACasv232	0.536213783928487	0.207612456747405	51	2
BACasv233	-0.356731734686813	0.617278106508876	65	2
BACasv235	-1.72314311504108	0.173511111111111	75	4
BACasv239	1.31754111271687	0.0920915712799167	62	2
BACasv241	-0.782435477667644	0.513774104683196	66	3
BACasv242	-0.947388133234826	0.422590719809637	164	4
BACasv244	-1.40356578373658	0.664256198347107	44	3
BACasv245	-0.356731734686813	0.520493827160494	45	2
BACasv246	0.932325861141877	0.355091916830834	313	4
BACasv248	0.544448370238748	0.457856399583767	341	4
BACasv249	-0.915534828968131	0.479747199080724	59	3
BACasv25	0.499693275134541	0.348455048910512	278	4
BACasv250	0.480404689015031	0.23683198769704	51	2
BACasv254	1.10313866575592	0.478993865977393	322	3
BACasv256	1.59658658728416	0.0855424370683894	67	2
BACasv257	-1.13736708113561	0.48875	40	3
BACasv258	1.03849563814959	0.155127836828498	59	2
BACasv259	0.368786499188119	0.375	56	2
BACasv26	0.350509624787183	0.346685653257387	265	4
BACasv262	0.872652401002934	0.104766845703125	256	4
BACasv263	0.559366735273484	0.463518958911349	348	4
BACasv27	0.260999434578769	0.372858838826389	266	4
BACasv272	0.257168309361206	0.311536859641816	49	2
BACasv273	-0.524159019427181	0.625133499466002	53	2
BACasv274	0.559366735273484	0.463518958911349	348	4
BACasv275	0.753305480725048	0.424733295632087	323	4
BACasv277	0.312977404274662	0.0886965927528394	43	2
BACasv278	0.926877448322681	0.209135305946567	59	2
BACasv279	1.12626460659344	0.0299556159551244	263	4
BACasv280	1.14118297162818	0.090702947845805	273	4
BACasv282	0.18640760940509	0.477975918305136	324	4
BACasv283	1.31754111271687	0.14404296875	64	2
BACasv287	-1.00706159337377	0.109194262674334	123	4
BACasv288	0.257168309361206	0.3392	50	2
BACasv289	1.23069316183659	0.0828890844159205	278	4
BACasv29	0.681657386637712	0.503115591962473	207	3
BACasv290	-1.88724513042318	0.4503125	80	4
BACasv293	-1.26067379896428	0.356949702541914	129	4
BACasv294	-1.36129544312902	0.538194444444444	24	2
BACasv302	0.0339319297073812	0.59504132231405	77	2
BACasv303	1.0665911464545	0.330921792434993	317	4
BACasv307	-1.24967725330211	0.56	35	2
BACasv310	-0.524159019427181	0.625133499466002	53	2
BACasv312	-0.589347372401168	0.301030519223147	174	4
BACasv313	1.23069316183659	0.0828890844159205	278	4
BACasv315	1.21405479183966	0.591006944444444	240	3
BACasv32	0.759450163582312	0.299444444444444	60	2
BACasv320	-1.36510235420743	0.229263082947668	106	4
BACasv327	1.12626460659344	0.0299556159551244	263	4
BACasv328	0.19362643186926	0.120707596253902	93	3
BACasv33	1.05877221532243	0.49970255800119	246	3
BACasv333	0.410183084926126	0.297149658203125	256	4
BACasv334	0.529530005204012	0.182357025521177	243	4
BACasv335	1.31754111271687	0.118921642731167	63	2
BACasv337	-1.75195910752322	0.444444444444444	12	2
BACasv339	1.14118297162818	0.090702947845805	273	4
BACasv340	-1.55884836025382	0.486111111111111	12	3
BACasv341	-0.468349924513725	0.522675736961451	42	2
BACasv342	0.67871365555137	0.327184606481482	288	4
BACasv343	0.753305480725048	0.424733295632087	323	4
BACasv344	-0.404303176160667	0.355433622923335	81	1
BACasv345	0.526374810120478	0.518471755763743	199	3
BACasv346	0.836939963154947	0.498761286623943	221	3
BACasv347	-0.524159019427181	0.439814814814815	36	2
BACasv349	1.14118297162818	0.057919358431722	268	4
BACasv35	-1.40985744931163	0.299638077602895	109	4
BACasv350	0.20135921444775	0.477449008905487	59	2
BACasv352	1.31754111271687	0.0920915712799167	62	2
BACasv353	1.14118297162818	0.090702947845805	273	4
BACasv354	1.15011382797651	0.333267208887126	71	2
BACasv355	1.31754111271687	0.189623507805326	66	2
BACasv360	-0.708694292679054	0.0285654274312119	138	4
BACasv362	-0.356731734686813	0.535899653979239	68	2
BACasv364	-1.49936763952005	0.36747748506018	109	4
BACasv369	0.871068353409225	0.104938271604938	54	2
BACasv370	-0.937718054184878	0.315082644628099	44	3
BACasv371	0.526374810120478	0.518471755763743	199	3
BACasv375	1.12626460659344	0.0299556159551244	263	4
BACasv376	0.648876925481898	0.349031438921828	293	4
BACasv377	-0.708694292679054	0.12919872396322	146	4
BACasv378	0.305754529682976	0.468365388234409	326	4
BACasv380	-1.07081740548537	0.525124490719783	47	3
BACasv383	0.424595594101575	0.434443288241415	62	2
BACasv386	-1.35919933330309	0.351239669421488	22	3
BACasv387	-0.2451135448599	0.393813206424747	41	2
BACasv390	-0.635777209254094	0.646484375	64	2
BACasv391	0.544448370238748	0.457856399583767	341	4
BACasv392	0.18640760940509	0.4729243305249	318	4
BACasv393	0.529530005204012	0.245799491598983	254	4
BACasv395	-1.2260999820026	0.1472	25	3
BACasv4	0.872652401002934	0.0980545943867743	255	4
BACasv40	-0.2451135448599	0.605480062374694	67	2
BACasv400	-0.708694292679054	0.0285654274312119	138	4
BACasv402	-0.635777209254094	0.499444444444444	60	2
BACasv404	0.395264719891391	0.318163277198299	262	4
BACasv406	-1.38138255851983	0.467279610600325	43	3
BACasv407	0.368786499188119	0.19013128112268	47	2
BACasv408	-1.24967725330211	0.231111111111111	15	2
BACasv41	0.395264719891391	0.447958825063202	297	4
BACasv414	0.827897305898727	0.182401492452937	266	4
BACasv415	-2.26020425629157	0.457465277777778	48	4
BACasv416	0.637290936204217	0.507007875517248	229	3
BACasv417	0.326725783169747	0.499444444444444	180	3
BACasv418	1.08150951148923	0.147611407277056	278	4
BACasv419	0.528558598475255	0.597203978232314	146	1
BACasv420	-1.1817335315691	0.514991181657848	63	3
BACasv422	0.759450163582312	0.299444444444444	60	2
BACasv424	-1.2260999820026	0.1472	25	3
BACasv432	-1.91708186049265	0.298952996212965	67	4
BACasv433	1.05877221532243	0.399524375743163	174	3
BACasv434	0.459825134470234	0.0746535960033934	103	3
BACasv435	0.424595594101575	0.0444214876033058	44	2
BACasv436	0.926877448322681	0.288233812043336	63	2
BACasv437	1.20592292288996	0.287334593572779	69	2
BACasv44	0.18640760940509	0.468440152603881	311	4
BACasv443	-1.46953090945058	0.312315088757396	104	4
BACasv445	0.723468750655577	0.222963423596585	266	4
BACasv446	0.0605270805687735	0.0896885813148789	85	3
BACasv45	0.703641068668856	0.112264513648597	51	2
BACasv452	-0.708694292679054	0.0285654274312119	138	4
BACasv453	1.14118297162818	0.057919358431722	268	4
BACasv456	-2.87364316784399	0.624567474048443	68	1
BACasv457	0.589203465342955	0.459301215025455	347	4
BACasv458	0.559366735273484	0.459420632774473	344	4
BACasv46	-1.42574900895333	0.413194444444444	48	3
BACasv464	0.559366735273484	0.459420632774473	344	4
BACasv465	-0.887714673095883	0.0889940828402367	130	4
BACasv468	1.02183605135029	0.212430925717639	286	4
BACasv47	-0.133495355032988	0.440018107741059	47	2
BACasv472	0.365427989821919	0.254871002418705	244	4
BACasv473	0.363935932363034	0.384430473372781	104	1
BACasv474	0.528558598475255	0.597203978232314	146	1
BACasv475	-0.708694292679054	0.12919872396322	146	4
BACasv478	-0.356731734686813	0.520493827160494	45	2
BACasv479	-0.782435477667644	0.513774104683196	66	3
BACasv485	1.05167278141976	0.111495198902606	270	4
BACasv489	0.482008359686982	0.501133135433624	177	3
BACasv491	0.759450163582312	0.108727810650888	52	2
BACasv499	0.559366735273484	0.463518958911349	348	4
BACasv503	1.05877221532243	0.399524375743163	174	3
BACasv504	0.363935932363034	0.384430473372781	104	1
BACasv508	0.78314221079452	0.17322117995919	261	4
BACasv509	-1.3949390842769	0.437560065577478	133	4
BACasv51	-0.021877165206075	0.497041420118343	65	2
BACasv510	1.08150951148923	0.147611407277056	278	4
BACasv513	-0.804618702884392	0.0454299621416983	43	3
BACasv515	-2.03642878077054	0.285076530612245	56	4
BACasv518	0.723468750655577	0.222963423596585	266	4
BACasv519	0.363935932363034	0.384430473372781	104	1
BACasv52	-0.425245357019075	0.203689795918367	175	4
BACasv520	0.363935932363034	0.384430473372781	104	1
BACasv521	0.970039314455434	0.52908004376736	218	3
BACasv527	-1.31483288286959	0.530697190426639	31	3
BACasv528	1.15011382797651	0.202569916855631	63	2
BACasv53	-1.36510235420743	0.25497256515775	108	4
BACasv530	0.970039314455434	0.52908004376736	218	3
BACasv531	-1.94691859056212	0.159928656361474	58	4
BACasv534	0.78314221079452	0.17322117995919	261	4
BACasv535	-0.300922639773356	0.589822485207101	65	2
BACasv538	1.05877221532243	0.399524375743163	174	3
BACasv539	0.970039314455434	0.52908004376736	218	3
BACasv54	0.703641068668856	0.203703703703704	54	2
BACasv542	-1.47011545938683	0.27173119065011	74	3
BACasv545	-1.15955030635236	0.385813148788927	34	3
BACasv551	0.723468750655577	0.222963423596585	266	4
BACasv552	-1.17116360875586	0.396873867812225	139	4
BACasv553	0.836939963154947	0.498761286623943	221	3
BACasv554	0.363935932363034	0.384430473372781	104	1
BACasv555	0.970039314455434	0.52908004376736	218	3
BACasv557	0.759450163582312	0.299444444444444	60	2
BACasv558	0.20135921444775	0.454876033057851	55	2
BACasv565	-1.02644087364829	0.538265306122449	28	2
BACasv566	1.23069316183659	0.0828890844159205	278	4
BACasv567	-2.87364316784399	0.624567474048443	68	1
BACasv568	0.363935932363034	0.384430473372781	104	1
BACasv57	0.529530005204012	0.267862508262725	258	4
BACasv58	0.759450163582312	0.22640306122449	56	2
BACasv586	-1.24967725330211	0.669921875	32	2
BACasv587	-0.276061706671718	0.0882087607337365	173	4
BACasv588	-2.87364316784399	0.624567474048443	68	1
BACasv590	1.12626460659344	0.0299556159551244	263	4
BACasv592	0.836939963154947	0.498761286623943	221	3
BACasv593	1.05877221532243	0.399524375743163	174	3
BACasv594	-0.589347372401168	0.413845486111111	192	4
BACasv595	-0.893351603751383	0.512396694214876	66	3
BACasv6	-0.189304449946444	0.485748018215551	77	2
BACasv60	0.703641068668856	0.203703703703704	54	2
BACasv605	-1.09300063070211	0.173828125	32	3
BACasv607	1.05877221532243	0.399524375743163	174	3
BACasv614	-0.649020832540111	0.201890722640602	158	4
BACasv616	-0.412540829600269	0.433075550267698	41	2
BACasv617	0.836939963154947	0.498761286623943	221	3
BACasv618	0.67871365555137	0.327184606481482	288	4
BACasv619	0.792573512721452	0.279396877830465	137	3
BACasv627	0.257168309361206	0.398718405126379	53	2
BACasv63	0.410183084926126	0.435212180110139	294	4
BACasv639	0.723468750655577	0.222963423596585	266	4
BACasv64	1.48496839745724	0.11386593204775	66	2
BACasv640	-0.887714673095883	0.0889940828402367	130	4
BACasv651	1.12626460659344	0.0299556159551244	263	4
BACasv654	-0.708694292679054	0.12919872396322	146	4
BACasv655	1.05167278141976	0.111495198902606	270	4
BACasv656	-2.87364316784399	0.624567474048443	68	1
BACasv657	0.528558598475255	0.597203978232314	146	1
BACasv659	-0.782435477667644	0.0444214876033058	44	3
BACasv661	1.05877221532243	0.399524375743163	174	3
BACasv663	1.21405479183966	0.591006944444444	240	3
BACasv664	0.363935932363034	0.384430473372781	104	1
BACasv668	-0.982084504618374	0.0555102040816327	35	3
BACasv67	-0.189304449946444	0.508873456790123	72	2
BACasv676	-0.917551403165355	0.264371141975309	144	4
BACasv68	0.0339319297073812	0.374830239927569	47	2
BACasv680	-0.360954198549435	0.494614512471655	168	3
BACasv681	-0.294554732085852	0.516720181690031	113	1
BACasv682	0.528558598475255	0.597203978232314	146	1
BACasv684	-0.524159019427181	0.625133499466002	53	2
BACasv685	-0.782435477667644	0.513774104683196	66	3
BACasv692	-0.708694292679054	0.12919872396322	146	4
BACasv699	-0.300922639773356	0.5088	50	2
BACasv7	0.633958560447162	0.164802289281998	248	4
BACasv70	1.37335020763033	0.207612456747405	68	2
BACasv705	1.05877221532243	0.399524375743163	174	3
BACasv706	0.528558598475255	0.597203978232314	146	1
BACasv707	0.363935932363034	0.384430473372781	104	1
BACasv715	-2.87364316784399	0.624567474048443	68	1
BACasv718	0.363935932363034	0.384430473372781	104	1
BACasv719	0.836939963154947	0.498761286623943	221	3
BACasv72	0.335591259752448	0.318127450831958	257	4
BACasv720	0.544448370238748	0.457856399583767	341	4
BACasv721	-0.0776862601195313	0.367768595041322	44	2
BACasv735	-0.449687099416426	0.574617346938776	168	3
BACasv739	1.05877221532243	0.399524375743163	174	3
BACasv74	1.09430473306305	0.126400459638035	59	2
BACasv740	0.363935932363034	0.384430473372781	104	1
BACasv741	0.363935932363034	0.384430473372781	104	1
BACasv743	-1.35919933330309	0.351239669421488	22	3
BACasv754	-2.03642878077054	0.285076530612245	56	4
BACasv758	-0.0725722707317134	0.48533317053814	181	3
BACasv763	0.836939963154947	0.498761286623943	221	3
BACasv765	1.05877221532243	0.399524375743163	174	3
BACasv766	0.363935932363034	0.384430473372781	104	1
BACasv767	1.05877221532243	0.399524375743163	174	3
BACasv768	-1.05181668847798	0.22065981611682	129	4
BACasv778	0.78314221079452	0.17322117995919	261	4
BACasv779	1.14118297162818	0.057919358431722	268	4
BACasv780	-0.708694292679054	0.0285654274312119	138	4
BACasv787	0.363935932363034	0.384430473372781	104	1
BACasv79	0.29083616464824	0.370309973604566	269	4
BACasv792	-1.24967725330211	0.231111111111111	15	2
BACasv803	-1.75195910752322	0.444444444444444	12	2
BACasv805	-0.708694292679054	0.267109375	160	4
BACasv807	0.827897305898727	0.182401492452937	266	4
BACasv81	0.759450163582312	0.35888671875	64	2
BACasv818	0.363935932363034	0.384430473372781	104	1
BACasv819	0.363935932363034	0.384430473372781	104	1
BACasv82	0.171489244370355	0.473496055226824	312	4
BACasv820	0.363935932363034	0.384430473372781	104	1
BACasv821	1.05877221532243	0.399524375743163	174	3
BACasv822	0.363935932363034	0.384430473372781	104	1
BACasv823	0.326725783169747	0.499444444444444	180	3
BACasv83	0.201325974439826	0.46780489809336	312	4
BACasv839	-2.03642878077054	0.285076530612245	56	4
BACasv84	0.759450163582312	0.281528296466533	59	2
BACasv85	0.723468750655577	0.129159207109563	249	4
BACasv856	0.363935932363034	0.384430473372781	104	1
BACasv857	0.363935932363034	0.384430473372781	104	1
BACasv858	0.363935932363034	0.384430473372781	104	1
BACasv876	0.282359332736252	0.582721893491124	195	3
BACasv88	-0.708694292679054	0.0285654274312119	138	4
BACasv884	-1.3949390842769	0.437560065577478	133	4
BACasv885	0.363935932363034	0.384430473372781	104	1
BACasv886	0.363935932363034	0.384430473372781	104	1
BACasv887	0.282359332736252	0.582721893491124	195	3
BACasv888	0.363935932363034	0.384430473372781	104	1
BACasv91	-1.11518385591886	0.482251627809284	69	3
BACasv912	1.05877221532243	0.399524375743163	174	3
BACasv913	0.363935932363034	0.384430473372781	104	1
BACasv914	-0.294554732085852	0.516720181690031	113	1
BACasv915	1.21405479183966	0.591006944444444	240	3
BACasv916	0.363935932363034	0.384430473372781	104	1
BACasv917	0.363935932363034	0.384430473372781	104	1
BACasv945	-0.708694292679054	0.12919872396322	146	4
BACasv953	1.21405479183966	0.591006944444444	240	3
BACasv954	0.363935932363034	0.384430473372781	104	1
BACasv955	0.363935932363034	0.384430473372781	104	1
BACasv956	-0.294554732085852	0.516720181690031	113	1
BACasv976	-2.03642878077054	0.285076530612245	56	4
BACasv98	0.559366735273484	0.396906195762327	293	4
BACasv983	0.363935932363034	0.384430473372781	104	1
BACasv984	0.363935932363034	0.384430473372781	104	1
BACasv985	1.05877221532243	0.399524375743163	174	3
Epidorylaimus	-1.07081740548537	0.488909008601177	47	3
Filenchus	-1.02645095505187	0.550382653061224	56	3
FUNasv1	0.514611640169277	0.204904488069271	246	4
FUNasv10	0.365427989821919	0.211900316001149	236	4
FUNasv100	-2.48397973181261	0.385633270321361	23	4
FUNasv101	-1.0219799584085	0.470171406683903	177	4
FUNasv103	0.469856545065069	0.143196595995505	233	4
FUNasv104	0.260999434578769	0.144474370844205	218	4
FUNasv105	-1.61871455979793	0.1171875	80	4
FUNasv106	0.827897305898727	0.182401492452937	266	4
FUNasv107	0.425101449960862	0.0621338170596943	219	4
FUNasv110	0.454938180030334	0.144359393579073	232	4
FUNasv111	0.792573512721452	0.483663176041655	293	3
FUNasv112	0.29083616464824	0.360393709825528	264	4
FUNasv113	0.836939963154947	0.455552363624757	177	3
FUNasv114	0.592924485770721	0.499215763160474	202	3
FUNasv115	0.681657386637712	0.450936275221367	166	3
FUNasv117	0.827897305898727	0.182401492452937	266	4
FUNasv118	0.246081069544033	0.291631944444444	240	4
FUNasv12	0.947856089238686	0.480409715021837	309	3
FUNasv120	0.827897305898727	0.182401492452937	266	4
FUNasv122	-1.46953090945058	0.10641975308642	90	4
FUNasv123	0.827897305898727	0.182401492452937	266	4
FUNasv124	0.947856089238686	0.480264023507741	302	3
FUNasv125	0.827897305898727	0.182401492452937	266	4
FUNasv126	-2.15577570104842	0.386774317570165	51	4
FUNasv127	0.18640760940509	0.477975918305136	324	4
FUNasv129	0.171489244370355	0.473496055226824	312	4
FUNasv13	-0.227854847248948	0.0555102040816327	70	3
FUNasv130	0.842815670933463	0.142011834319527	260	4
FUNasv131	0.0897410246208375	0.13875	40	2
FUNasv132	-1.38138255851983	0.390022675736961	21	3
FUNasv133	0.559366735273484	0.463518958911349	348	4
FUNasv134	-0.494053549849922	0.576595457003786	172	3
FUNasv135	1.03658899010568	0.482763742851383	307	3
FUNasv136	0.753305480725048	0.0793133566245633	244	4
FUNasv137	0.902489131072406	0.110731801851493	259	4
FUNasv138	0.425101449960862	0.29440984236832	255	4
FUNasv139	1.21405479183966	0.591006944444444	240	3
FUNasv14	-0.813122847922204	0.147244897959184	140	4
FUNasv140	-0.529673912262225	0.215065192743764	168	4
FUNasv141	-1.40356578373658	0.395	20	3
FUNasv142	0.201325974439826	0.463288241415193	310	4
FUNasv144	0.67871365555137	0.208673096703985	259	4
FUNasv145	0.559366735273484	0.459420632774473	344	4
FUNasv146	-0.0373678661159459	0.459760575423771	282	4
FUNasv149	0.836939963154947	0.498761286623943	221	3
FUNasv15	0.50419158490373	0.165408651895138	111	3
FUNasv150	0.57428510030822	0.0514389042782395	228	4
FUNasv152	0.78314221079452	0.0562922318752223	243	4
FUNasv153	-0.937718054184878	0.499314128943759	54	3
FUNasv154	0.753305480725048	0.424733295632087	323	4
FUNasv155	0.350509624787183	0.141501913265306	224	4
FUNasv156	1.21405479183966	0.591006944444444	240	3
FUNasv157	0.768223845759784	0.190258641877141	263	4
FUNasv16	0.454938180030334	0.152001326235517	233	4
FUNasv160	0.67871365555137	0.110111940930414	243	4
FUNasv164	0.589203465342955	0.0262745712271909	226	4
FUNasv165	0.528558598475255	0.597203978232314	146	1
FUNasv167	-0.663939197574847	0.0279664000804789	141	4
FUNasv168	0.57428510030822	0.0674102079395085	230	4
FUNasv169	0.0372239590577328	0.46728215095562	294	4
FUNasv17	1.12532189097267	0.248936450155695	151	3
FUNasv170	-1.49229868460357	0.456747404844291	17	3
FUNasv172	-0.0282058202982178	0.4296875	112	3
FUNasv173	-1.05181668847798	0.22065981611682	129	4
FUNasv175	0.559366735273484	0.21998614260519	252	4
FUNasv176	-0.383137423766183	0.204998949800462	69	3
FUNasv177	-1.99167368566633	0.504638218923933	77	4
FUNasv179	0.814756737938199	0.340598824563839	147	3
FUNasv18	0.663795290516634	0.14397875723254	247	4
FUNasv181	-1.35919933330309	0	17	3
FUNasv185	0.559366735273484	0.459420632774473	344	4
FUNasv187	0.67871365555137	0.327184606481482	288	4
FUNasv188	1.08150951148923	0.147611407277056	278	4
FUNasv189	-1.51428600455478	0.249131944444444	96	4
FUNasv191	-0.0970413262548888	0.469624082523309	284	4
FUNasv193	0.559366735273484	0.463518958911349	348	4
FUNasv194	-1.2704664324361	0.2784	25	3
FUNasv195	0.326725783169747	0.499444444444444	180	3
FUNasv197	0.282359332736252	0.582721893491124	195	3
FUNasv198	-0.747395399081006	0.417777777777778	30	2
FUNasv199	0.723468750655577	0.222963423596585	266	4
FUNasv20	0.380346354856655	0.102700599905817	221	4
FUNasv200	0.770390287504704	0.457534693877551	175	3
FUNasv201	-0.449687099416426	0.526418928726956	166	3
FUNasv202	-0.0672045961854174	0.47046199845679	288	4
FUNasv203	0.216244339474562	0.180867768595041	220	4
FUNasv208	-1.08165341854745	0.437462819750149	164	4
FUNasv209	-1.75195910752322	0.58	10	2
FUNasv210	0.469856545065069	0.286665960120517	257	4
FUNasv213	1.21405479183966	0.591006944444444	240	3
FUNasv214	0.469856545065069	0.0614803993182371	222	4
FUNasv215	0.0819790541619401	0.352794947594733	244	4
FUNasv217	0.970039314455434	0.52908004376736	218	3
FUNasv218	-2.06626551084001	0.261302954788181	53	4
FUNasv219	-1.05181668847798	0.22065981611682	129	4
FUNasv22	-0.171633151428568	0.461132377938392	269	4
FUNasv221	1.14118297162818	0.090702947845805	273	4
FUNasv222	-0.0373678661159459	0.369566359132368	239	4
FUNasv223	0.798060575829256	0.113536155202822	252	4
FUNasv224	1.21405479183966	0.591006944444444	240	3
FUNasv225	1.26173201780342	0.169921875	64	2
FUNasv226	0.544448370238748	0.457856399583767	341	4
FUNasv227	0.67871365555137	0.137651821862348	247	4
FUNasv229	0.216244339474562	0.347128027681661	255	4
FUNasv23	-1.33701610808634	0	18	3
FUNasv231	0.0605270805687735	0.456192	125	3
FUNasv232	0.78314221079452	0.307445762362054	287	4
FUNasv233	0.970039314455434	0.52908004376736	218	3
FUNasv234	0.0521423240924686	0.473085286034371	301	4
FUNasv236	-1.67838801993688	0.237656157049375	82	4
FUNasv238	0.827897305898727	0.182401492452937	266	4
FUNasv24	-0.914822683821375	0.544444444444445	30	2
FUNasv241	0.482008359686982	0.479024531862389	166	3
FUNasv243	-1.69615001260976	0.642222222222222	30	2
FUNasv245	0.592924485770721	0.443020000811392	157	3
FUNasv246	-0.69158630416755	0.357777777777778	30	2
FUNasv248	0.768223845759784	0.190258641877141	263	4
FUNasv249	1.23069316183659	0.0828890844159205	278	4
FUNasv25	0.141652514300883	0.446667377057915	274	4
FUNasv251	0.970039314455434	0.52908004376736	218	3
FUNasv252	0.282359332736252	0.582721893491124	195	3
FUNasv253	-1.69615001260976	0.5	10	2
FUNasv254	-0.859013588907919	0.627366143861547	43	2
FUNasv257	-1.05181668847798	0.22065981611682	129	4
FUNasv259	-1.52872272786939	0.630177514792899	26	2
FUNasv26	0.410183084926126	0.0454818244170097	216	4
FUNasv260	1.14118297162818	0.057919358431722	268	4
FUNasv262	0.604121830377691	0.0589943966567343	231	4
FUNasv263	-1.38138255851983	0.390022675736961	21	3
FUNasv265	-0.579968114340637	0.608506944444444	48	2
FUNasv267	-2.87364316784399	0.612043933846736	89	1
FUNasv268	1.21405479183966	0.591006944444444	240	3
FUNasv269	-1.47291363295594	0.664444444444444	30	2
FUNasv27	0.111815784231412	0.46379179037759	301	4
FUNasv270	-0.0725722707317134	0.48533317053814	181	3
FUNasv271	0.559366735273484	0.463518958911349	348	4
FUNasv272	1.21405479183966	0.591006944444444	240	3
FUNasv275	-1.04863418026862	0.11386593204775	33	3
FUNasv277	-1.17116360875586	0.396873867812225	139	4
FUNasv278	-1.36129544312902	0.336734693877551	14	2
FUNasv28	0.792573512721452	0.477724165180015	289	3
FUNasv281	-0.604265737435904	0.457495160340039	218	4
FUNasv283	-0.708694292679054	0.0285654274312119	138	4
FUNasv288	-1.05181668847798	0.22065981611682	129	4
FUNasv290	-0.2056716220322	0.50251952632905	126	3
FUNasv295	0.365427989821919	0.426665371681094	287	4
FUNasv298	1.21405479183966	0.591006944444444	240	3
FUNasv3	0.365427989821919	0.0281215606118461	211	4
FUNasv30	0.395264719891391	0.14058103204021	227	4
FUNasv300	-0.455082087088547	0.137520661157025	165	4
FUNasv304	-0.69158630416755	0.539697542533081	46	2
FUNasv306	-1.47011545938683	0.142011834319527	13	3
FUNasv307	0.499693275134541	0.162806298990184	238	4
FUNasv316	1.0665911464545	0.330921792434993	317	4
FUNasv318	0.484774910099805	0.0271470569837994	219	4
FUNasv319	0.78314221079452	0.17322117995919	261	4
FUNasv320	0.365427989821919	0.0803584701310285	217	4
FUNasv321	0.970039314455434	0.52908004376736	218	3
FUNasv322	-1.48444927448531	0.0665873959571938	87	4
FUNasv328	0.469856545065069	0.162848319448434	236	4
FUNasv33	0.529530005204012	0.0179766999037694	221	4
FUNasv330	1.21405479183966	0.591006944444444	240	3
FUNasv337	-1.63363292483267	0.0748861528082307	77	4
FUNasv338	0.723468750655577	0.222963423596585	266	4
FUNasv34	0.726023837071208	0.486870882475278	273	3
FUNasv340	0.282359332736252	0.582721893491124	195	3
FUNasv343	0.67871365555137	0.137750168007999	247	4
FUNasv345	0.970039314455434	0.52908004376736	218	3
FUNasv348	0.589203465342955	0.459301215025455	347	4
FUNasv35	0.768223845759784	0.190258641877141	263	4
FUNasv352	-1.2260999820026	0.1472	25	3
FUNasv353	0.363935932363034	0.384430473372781	104	1
FUNasv354	0.970039314455434	0.52908004376736	218	3
FUNasv358	0.544448370238748	0.05200093977602	226	4
FUNasv359	0.544448370238748	0.457856399583767	341	4
FUNasv363	0.282359332736252	0.582721893491124	195	3
FUNasv365	0.363935932363034	0.384430473372781	104	1
FUNasv368	-0.753449387783261	0.204711111111111	150	4
FUNasv369	0.970039314455434	0.52908004376736	218	3
FUNasv37	-1.04863418026862	0.529965063155066	61	3
FUNasv370	-2.87364316784399	0.624567474048443	68	1
FUNasv375	-0.449687099416426	0.574617346938776	168	3
FUNasv376	0.544448370238748	0.457856399583767	341	4
FUNasv377	0.395264719891391	0.160151228733459	230	4
FUNasv38	0.156570879335619	0.0677210960124749	201	4
FUNasv382	0.970039314455434	0.52908004376736	218	3
FUNasv385	0.970039314455434	0.52908004376736	218	3
FUNasv388	1.21405479183966	0.591006944444444	240	3
FUNasv39	-0.977224863304298	0.132680265360531	127	4
FUNasv392	0.459825134470234	0.0746535960033934	103	3
FUNasv393	-1.04863418026862	0.11386593204775	33	3
FUNasv396	1.21405479183966	0.591006944444444	240	3
FUNasv399	0.559366735273484	0.459420632774473	344	4
FUNasv40	-0.82804121295694	0.124886781394853	137	4
FUNasv400	-1.35919933330309	0.326530612244898	21	3
FUNasv402	-1.00426772983512	0.200146092037984	37	3
FUNasv41	-2.52873482691681	0	14	4
FUNasv417	0.559366735273484	0.463518958911349	348	4
FUNasv421	0.363935932363034	0.384430473372781	104	1
FUNasv422	0.970039314455434	0.52908004376736	218	3
FUNasv43	0.947856089238686	0.480409715021837	309	3
FUNasv434	-0.671519351583905	0.528539540816326	112	3
FUNasv435	1.21405479183966	0.591006944444444	240	3
FUNasv436	1.21405479183966	0.591006944444444	240	3
FUNasv445	0.363935932363034	0.384430473372781	104	1
FUNasv446	-0.360954198549435	0.060546875	64	3
FUNasv448	0.216244339474562	0.347128027681661	255	4
FUNasv45	-0.316587748115939	0.373015873015873	84	3
FUNasv452	-0.360954198549435	0.37799390332414	83	3
FUNasv458	0.363935932363034	0.384430473372781	104	1
FUNasv459	1.05877221532243	0.399524375743163	174	3
FUNasv460	-0.161305171598705	0.501772730004207	129	3
FUNasv47	0.0383438553520257	0.4608	125	3
FUNasv470	1.08150951148923	0.147611407277056	278	4
FUNasv471	-0.427503874199679	0.424886621315193	84	3
FUNasv473	-1.52872272786939	0.544378698224852	13	2
FUNasv475	-1.24967725330211	0.380622837370242	17	2
FUNasv476	0.282359332736252	0.582721893491124	195	3
FUNasv48	-0.783286117852733	0.02973599412064	133	4
FUNasv484	1.21405479183966	0.591006944444444	240	3
FUNasv487	0.363935932363034	0.384430473372781	104	1
FUNasv49	0.440019814995598	0.214363772966327	242	4
FUNasv493	-1.15955030635236	0.185493460166469	29	3
FUNasv496	-1.05181668847798	0.22065981611682	129	4
FUNasv497	0.282359332736252	0.582721893491124	195	3
FUNasv5	0.260999434578769	0.472825473295946	326	4
FUNasv50	0.67871365555137	0.0732645999576301	238	4
FUNasv505	1.21405479183966	0.591006944444444	240	3
FUNasv507	0.648876925481898	0.349031438921828	293	4
FUNasv51	0.350509624787183	0.141501913265306	224	4
FUNasv518	0.970039314455434	0.52908004376736	218	3
FUNasv519	0.363935932363034	0.384430473372781	104	1
FUNasv52	-1.75195910752322	0.58	10	2
FUNasv53	0.615107710987469	0.503892733564014	204	3
FUNasv539	1.21405479183966	0.591006944444444	240	3
FUNasv540	0.363935932363034	0.384430473372781	104	1
FUNasv543	1.05877221532243	0.399524375743163	174	3
FUNasv545	1.00691768631556	0.188239795918367	280	4
FUNasv546	0.528558598475255	0.597203978232314	146	1
FUNasv548	0.363935932363034	0.384430473372781	104	1
FUNasv561	0.282359332736252	0.582721893491124	195	3
FUNasv562	1.21405479183966	0.591006944444444	240	3
FUNasv564	0.363935932363034	0.384430473372781	104	1
FUNasv565	0.363935932363034	0.384430473372781	104	1
FUNasv573	-2.87364316784399	0.624567474048443	68	1
FUNasv58	0.260999434578769	0.262208691627054	237	4
FUNasv585	0.363935932363034	0.384430473372781	104	1
FUNasv594	0.970039314455434	0.52908004376736	218	3
FUNasv595	1.21405479183966	0.591006944444444	240	3
FUNasv6	0.637290936204217	0.507401235173022	202	3
FUNasv602	0.363935932363034	0.384430473372781	104	1
FUNasv606	0.528558598475255	0.597203978232314	146	1
FUNasv61	0.947856089238686	0.336734693877551	154	3
FUNasv610	0.363935932363034	0.384430473372781	104	1
FUNasv611	-1.47011545938683	0.27173119065011	74	3
FUNasv62	0.0521423240924686	0.473085286034371	301	4
FUNasv63	0.126734149266147	0.144230769230769	208	4
FUNasv64	0.738387115690313	0.0644272653707753	241	4
FUNasv65	0.29083616464824	0.056271605503537	209	4
FUNasv661	-0.404303176160667	0.355433622923335	81	1
FUNasv671	-2.03642878077054	0.285076530612245	56	4
FUNasv68	-1.31483288286959	0	19	3
FUNasv69	0.365427989821919	0.456206752651857	321	4
FUNasv693	1.21405479183966	0.591006944444444	240	3
FUNasv694	1.21405479183966	0.591006944444444	240	3
FUNasv7	0.415458684036739	0.354304	125	3
FUNasv70	0.648876925481898	0.0173146965160847	229	4
FUNasv71	0.67871365555137	0.142592351716961	248	4
FUNasv715	1.21405479183966	0.591006944444444	240	3
FUNasv716	0.363935932363034	0.384430473372781	104	1
FUNasv717	0.363935932363034	0.384430473372781	104	1
FUNasv718	0.363935932363034	0.384430473372781	104	1
FUNasv719	-0.449687099416426	0	58	3
FUNasv73	0.589203465342955	0.459301215025455	347	4
FUNasv74	-0.962306498269562	0.383517169614984	155	4
FUNasv75	0.604121830377691	0.21843906189927	255	4
FUNasv76	0.0383438553520257	0.0243865264441396	81	3
FUNasv769	0.363935932363034	0.384430473372781	104	1
FUNasv77	-1.29264965765284	0	20	3
FUNasv78	-1.40356578373658	0.496527777777778	24	3
FUNasv79	-0.360954198549435	0.11386593204775	66	3
FUNasv8	0.0521423240924686	0.475308641975309	306	4
FUNasv80	0.149259981435765	0.496144091920708	139	3
FUNasv81	0.589203465342955	0.395430058436815	296	4
FUNasv82	-2.26020425629157	0.110726643598616	34	4
FUNasv83	0.827897305898727	0.0920620307614165	251	4
FUNasv84	1.14118297162818	0.057919358431722	268	4
FUNasv85	0.305754529682976	0.104938271604938	216	4
FUNasv86	-1.19386815838866	0.526315789473684	38	2
FUNasv87	0.78314221079452	0.17322117995919	261	4
FUNasv88	0.29083616464824	0.360393709825528	264	4
FUNasv89	-1.2704664324361	0.2816	25	3
FUNasv9	0.201325974439826	0.349732068927807	253	4
FUNasv90	-1.97675532063159	0.449240007506099	73	4
FUNasv92	-1.00706159337377	0.161944323888648	127	4
FUNasv93	0.768223845759784	0.190258641877141	263	4
FUNasv95	0.469856545065069	0.145406988524379	233	4
FUNasv97	-1.58453182278285	0.605	20	2
FUNasv98	0.792573512721452	0.477724165180015	289	3
FUNasv99	0.723468750655577	0.136192	250	4
Heterocephalobus	-1.51448190982032	0.355029585798817	13	3
Klarkus	-1.09300063070211	0.284081632653061	35	3
Mesorhabditis	-0.693702576800652	0.494512471655329	105	3
ProASV101	-1.38002071924216	0.310746173469388	112	4
ProASV107	-0.747395399081006	0.426666666666667	30	2
ProASV11	-1.36129544312902	0.64	35	2
ProASV113	-1.1817335315691	0.54925673973293	63	3
ProASV116	-1.47011545938683	0.456747404844291	17	3
ProASV121	-1.64758126112081	0.444444444444444	6	3
ProASV122	-1.2704664324361	0.626284478096268	43	3
ProASV123	-1.66346965490214	0.283396430502975	86	4
ProASV124	-0.959901279401626	0.48261993679977	59	3
ProASV131	0.859123188371695	0.450511299078399	178	3
ProASV138	0.275917799613505	0.11413737155219	215	4
ProASV139	0.363935932363034	0.384430473372781	104	1
ProASV141	0.363935932363034	0.384430473372781	104	1
ProASV144	-0.970631778734831	0.517578125	32	2
ProASV149	-1.47011545938683	0.142011834319527	13	3
ProASV16	0.231162704509297	0.194614812282571	223	4
ProASV161	0.363935932363034	0.384430473372781	104	1
ProASV162	-1.64034091769631	0.56198347107438	11	2
ProASV164	-1.11149014861692	0.425563422647971	147	4
ProASV177	-1.29264965765284	0.599173553719008	66	3
ProASV179	1.00691768631556	0.374289585607287	326	4
ProASV184	0.363935932363034	0.384430473372781	104	1
ProASV187	-2.69283684229891	0	3	4
ProASV190	0.544448370238748	0.121104572204617	235	4
ProASV193	0.619040195412427	0.119131944444444	240	4
ProASV201	0.260999434578769	0.287719418072536	242	4
ProASV203	-2.24528589125684	0.452256944444444	48	4
ProASV205	-2.52873482691681	0.21875	16	4
ProASV208	-2.06626551084001	0.0425330812854442	46	4
ProASV209	0.363935932363034	0.384430473372781	104	1
ProASV210	1.20592292288996	0.271193771626298	68	2
ProASV216	-0.290980071706453	0.318862384430586	203	4
ProASV217	0.932325861141877	0.0886965927528394	258	4
ProASV224	-1.38138255851983	0.390022675736961	21	3
ProASV228	-1.41710453804248	0.594285714285714	35	2
ProASV231	-1.75195910752322	0.444444444444444	6	2
ProASV232	0.371092233603243	0.461937155814707	147	3
ProASV233	0.0670606891272043	0.190839002267574	210	4
ProASV234	-0.7158858020174	0.229263082947668	53	3
ProASV236	0.363935932363034	0.384430473372781	104	1
ProASV238	-1.62539803590406	0.572916666666667	24	3
ProASV241	-1.40356578373658	0.634765625	32	3
ProASV242	1.42915930254379	0.140036730945822	66	2
ProASV243	-1.19386815838866	0.124444444444444	15	2
ProASV244	-1.24967725330211	0.3203125	16	2
ProASV246	-1.44793223417008	0.496527777777778	24	3
ProASV247	-1.49936763952005	0.36747748506018	109	4
ProASV248	-0.917551403165355	0.29674338993739	149	4
ProASV253	0.67871365555137	0.123681799250312	245	4
ProASV256	-0.61918410247064	0.408478726660545	198	4
ProASV28	-1.55884836025382	0.642659279778393	19	3
ProASV32	-1.62539803590406	0	5	3
ProASV35	-1.42574900895333	0.48852157943067	33	3
ProASV42	-2.29004098636104	0.414039262343843	41	4
ProASV43	0.528558598475255	0.597203978232314	146	1
ProASV45	-1.1817335315691	0.328824141519251	31	3
ProASV47	-0.383137423766183	0.593276090392584	153	3
ProASV52	-0.582786450716913	0.585066162570888	92	3
ProASV53	-1.15955030635236	0.287200832466181	31	3
ProASV56	-2.66300011222944	0.277777777777778	6	4
ProASV59	0.363935932363034	0.384430473372781	104	1
ProASV61	-1.04863418026862	0.639259259259259	90	3
ProASV63	-1.52872272786939	0.486111111111111	12	2
ProASV65	-2.67791847726417	0.489795918367347	7	4
ProASV66	-1.53666513503707	0.314744801512287	46	3
ProASV67	-0.947388133234826	0.142011834319527	130	4
ProASV7	-1.38138255851983	0.390022675736961	21	3
ProASV83	-0.294554732085852	0.516720181690031	113	1
ProASV86	0.363935932363034	0.384430473372781	104	1
ProASV90	0.282359332736252	0.505434126313247	182	3
ProASV94	-0.0725722707317134	0.48533317053814	181	3
