ID	Restore6_1	Restore6_2	Restore6_3	Restore6_4	Restore9_1	Restore9_2	Restore9_3	Restore9_4
BACasv1	0.001920898	0.001738802	0.002109224	0.00235304	0.07212455	0.078850204	0	0
BACasv4	0.003743289	0.001852202	0.006213659	0.004285894	0.07667867	0.060339487	0.00839079	0.013317191
BACasv6	0.00413732	0.008920809	0.021833314	0.01911845	0.021976276	0.02584562	0.021074541	0.015277297
BACasv7	0.001723883	0.0002646	0.000855091	0.002016891	0.005401398	0.023392393	0.003057109	0.002767209
BACasv10	0.008619416	0.015309015	0.009577015	0.012143367	0.014191908	0.028051047	0.037400807	0.048887352
BACasv14	0.001674629	0.003515404	0.005073538	0.007605362	0.058197416	0.079519267	0.001300898	0.000864753
BACasv16	0.042358272	0.029181629	0.050621366	0.046598597	0	0.000569942	0.035969819	0.064856451
BACasv17	0.000837315	0.001965602	0.001710181	0.002269003	0.015303961	0.011126254	0	0.000634152
BACasv19	0	0.001171801	0.00028503	0.000630279	0.029442915	0.018064676	0.000975673	0
BACasv21	0.003743289	0.003250803	0.004047429	0.001974873	0.013397585	0.018634618	0.009821777	0.017698605
BACasv25	0.004038812	0.001701002	0.001824193	0.002226984	0.020864224	0.019824061	0.015415637	0.009224029
BACasv26	0.005713441	0.003666604	0.003705393	0.004327913	0.012073713	0.012241358	0.006764668	0.013259541
BACasv29	0.002708959	0.004120204	0.002679284	0.001344594	0.007996187	0.00956511	0.003902693	0.004669664
BACasv32	0.003940304	0.001965602	0.004446471	0.003907727	0.001853421	0	0.007675296	0.008301626
BACasv33	0.009407477	0.02003402	0.034887698	0.026891886	0.006142766	0.003717012	0.008911149	0.016545601
BACasv35	0.015908979	0.013494613	0.016189716	0.009580234	0.007678458	0.008078305	0.010277091	0.013086591
BACasv40	0.000935822	0	0.001425151	0.001050464	0.009796653	0.005005576	0.00253675	0
BACasv41	0.069595626	0.111661312	0.070402463	0.108407916	0.000158865	0	0.001496032	0.003862562
BACasv44	0.01423435	0.012549613	0.020693193	0.014454389	0.000900233	0.001635485	0.005073501	0.008935778
BACasv45	0.003004482	0.001209601	0.003933417	0.003445523	0.007095954	0.006071119	0.000650449	0.001671855
BACasv46	0.000492538	0.001852202	0.003192338	0.003865709	0.001906376	0.004336513	0	0
BACasv47	0.00310299	0.006917407	0.008835937	0.009076012	0.005189578	0.006814521	0.016326265	0.011472386
BACasv50	0	0	0.001083115	0	0.008313917	0.009862471	0.003447379	0.005015566
BACasv51	0.015219426	0.01999622	0.010489112	0.008193622	0	0	0.014244829	0.013893693
BACasv52	0.004383589	0.012058212	0.000912097	0.000798353	0	0	0	0.000807103
BACasv53	0.025070187	0.016518617	0.017101813	0.010966847	0.002012286	0.003766572	0.012943931	0.012510089
BACasv54	0.002167167	0.001965602	0.004788508	0.006428842	0.011597119	0.014248544	0.002861975	0.000922403
BACasv57	0.010392553	0.006917407	0.007011743	0.008193622	0	0	0.002731885	0.004900265
BACasv58	0	0	0.000912097	0.001260557	0.005401398	0.003816132	0	0
BACasv60	0	0	0.00057006	0.00058826	0.003759797	0.004311733	0	0
BACasv63	0.031670197	0.047401247	0.032379432	0.037900752	0	0	0.003707558	0.008301626
BACasv64	0.005417919	0.003591004	0.003477369	0.00235304	0	0	0.004748276	0.006918021
BACasv67	0	0	0.00028503	0.000420186	0.002753654	0.003989592	0.001496032	0
BACasv68	0.001920898	0.001247401	0.000513054	0.00058826	0.000741368	0.007136662	0	0.0001153
BACasv70	0.017632862	0.011529012	0.012997378	0.014160259	0.008419826	0.004138273	0.021464811	0.023348322
BACasv72	0.002265675	0.000869401	0.001596169	0.001848817	0.005242533	0.002800149	0.00292702	0.004784965
BACasv74	0.002364183	0.003213003	0.002565272	0.002142947	0	0	0.012033303	0.013893693
BACasv79	0.002610452	0.008127008	0.009063961	0.00617673	0	0	0.001886302	0.002248357
BACasv81	0.003989558	0.003553204	0.008037852	0.006849027	0	0	0.01385456	0.011530036
BACasv83	0.004432842	0.002683803	0.009919051	0.00764738	0	0	0.000975673	0.001268304
BACasv84	0.00206866	0.001058401	0.002394254	0.001428631	0	0.000322141	0.006049174	0.00651447
BACasv85	0.005220903	0.01013041	0.004218447	0.003025337	0	0	0.000910628	0.001383604
BACasv86	0.002364183	0	0.001083115	0	0	0.001164664	0.007024847	0.00334371
BACasv91	0.00660001	0.002532603	0.002337248	0.001722761	0.00683118	0.008450006	0.002016391	0.000518852
BACasv98	0.006107472	0.009109809	0.004959526	0.009790327	0	0	0.001951346	0.002594258
BACasv101	0.00039403	0.0003402	0.000798085	0.000462204	0.001747511	0.001561145	0	0
BACasv104	0.007880609	0.006652807	0.005415574	0.006849027	0	0	0	0
BACasv107	0.006255233	0.005670006	0.004788508	0.00058826	0	0	0	0
BACasv108	0.006550756	0.006237006	0.006213659	0.008865919	0	0	0.001300898	0.000980053
BACasv109	0.008767177	0.006917407	0.010204082	0.010378587	0	0	0.001300898	0.003689611
BACasv116	0.004285081	0.004195804	0.004560483	0.005252322	0.002965473	0.001486805	0.014570053	0.010146431
BACasv119	0.014923903	0.024116424	0.015619656	0.01382411	0	0	0	0.001729505
BACasv125	0.015761218	0.011566812	0.018013909	0.014832556	0	0	0.006374398	0.00968523
BACasv126	0	0	0.001767187	0.001302576	0	0.001833726	0.003252244	0.001844806
BACasv131	0.001674629	0.001814402	0.002280242	0.002269003	0.000317729	0.000173461	0	0.000461201
BACasv132	0.000640299	0.0004158	0.000969103	0.001260557	0	0	0	0
BACasv133	0.012017928	0.008316008	0.006726713	0.008571789	0	0	0	0.000807103
BACasv135	0	0.001323001	0.001140121	0	0.000582504	0	0.004292962	0.005246166
BACasv137	0.003447766	0.003477603	0.006498689	0.007563343	0	0	0.004032783	0.002651908
BACasv141	0.000935822	0.000982801	0.001254133	0.001386613	0.001112053	0.001982406	0.003057109	0.002421308
BACasv142	0.000492538	0	0.000798085	0.000378167	0	0	0	0
BACasv143	0.002610452	0.003402003	0.004275453	0.007017102	0.001694556	0.002849709	0.008846104	0.016315001
BACasv147	0.005811949	0.006161406	0.002793296	0.005210303	0	0	0	0
BACasv149	0.008126878	0.006955207	0.005016532	0.004748099	0	0	0.001300898	0.007090972
BACasv150	0.001625376	0	0.000627066	0.004832136	0	0	0	0.002536608
BACasv152	0	0	0.001539163	0.001344594	0	0	0	0
BACasv155	0.00103433	0.001323001	0.000912097	0.00058826	0	0	0.002146481	0.003459011
BACasv157	0.006747771	0.005518806	0.011515221	0.009748309	0	0.0001239	0.005528815	0.008359276
BACasv162	0.008077624	0.006237006	0.006384677	0.005168284	0	0	0.006894757	0.005765018
BACasv164	0.001625376	0.002797203	0.003477369	0.002395059	0	0.000495602	0.00572395	0.004612014
BACasv166	0.004629858	0.006841807	0.002679284	0.004790117	0	0	0	0
BACasv167	0.004285081	0.001701002	0.001026109	0.000840371	0.000741368	0.000892083	0.00279693	0.002882509
BACasv168	0.008520908	0.007673408	0.016816783	0.009076012	0.000582504	0	0.012943931	0.006110919
BACasv169	0.004038812	0.005972406	0.00820887	0.010252532	0	0	0	0.000288251
BACasv171	0.004580604	0.003893404	0.005073538	0.004453969	0	0	0	0
BACasv177	0.005516426	0.006879607	0.005529586	0.005168284	0.000688413	0	0.008650969	0.011530036
BACasv179	0.009801507	0.008958609	0.009463003	0.01029455	0	0	0.03531937	0.018793958
BACasv180	0	0	0.001710181	0.002563133	0	0	0.001561077	0.007206272
BACasv181	0	0.0004536	0.002223236	0.001596706	0	0.000322141	0	0
BACasv183	0	0	0.001368145	0.002142947	0.002435925	0.000966423	0.009886822	0.003516661
BACasv184	0	0.000793801	0.001083115	0.000966427	0	0	0.005138546	0.007263923
BACasv185	0.001723883	0.001852202	0.002223236	0.002016891	0	0	0.003772603	0.004554364
BACasv191	0.002561198	0.001890002	0.00245126	0.001680743	0	0	0.005008456	0.006802721
BACasv196	0.001231345	0.000756001	0.000969103	0	0	0	0.003252244	0.001498905
BACasv202	0.00453135	0.004158004	0.002679284	0.002521114	0	0	0	0
BACasv203	0.003546274	0.002570403	0.004275453	0.00235304	0	0	0	0.003055459
BACasv204	0.003053736	0.001965602	0.001653175	0.000840371	0	0	0.003577468	0.001153004
BACasv206	0.000886568	0	0.001710181	0.001974873	0	0	0	0.001614205
BACasv208	0.003595528	0.001134001	0.002622278	0.000630279	0	0	0.004162872	0.005188516
BACasv209	0.00206866	0.002759403	0.002679284	0.003109374	0	0	0	0.001614205
BACasv210	0.006944786	0.006312606	0.004218447	0.005630489	0	0	0	0.000807103
BACasv211	0.001625376	0.001285201	0.001710181	0.001260557	0	0	0.012748797	0.004439064
BACasv214	0.00103433	0.001247401	0.001140121	0.001134501	0	0	0.004618187	0
BACasv216	0.002019406	0.002835003	0.002052218	0.00264717	0	0	0	0
BACasv217	0.002511944	0.002003402	0.004047429	0.002269003	0	0	0.002081436	0.004727315
BACasv220	0.003053736	0.002608203	0.002508266	0.001848817	0	0	0.001040718	0.001441254
BACasv224	0.00142836	0.002797203	0.001710181	0.003907727	0	0	0	0
BACasv225	0.001576122	0.001134001	0.001653175	0.002815244	0	0	0	0
BACasv226	0.004679111	0.003666604	0.005358568	0.005168284	0	0	0.007154937	0.003689611
BACasv228	0.00310299	0.002608203	0.003762399	0.00411782	0	0	0.00026018	0.000634152
BACasv229	0.004334335	0.003893404	0.003078326	0.003697634	0	0	0.00292702	0.003689611
BACasv233	0.005073142	0.003213003	0.002850302	0.00411782	0	0	0.001626122	0.004554364
BACasv239	0.00310299	0.002646003	0.001995211	0.001848817	0	0	0.004553142	0.005130866
BACasv241	0.000886568	0.000680401	0.001596169	0.003109374	0	0	0	0.003631961
BACasv242	0	0.000642601	0.000114012	0.00029413	0.002541834	0.001511585	0.001235853	0.000403551
BACasv243	0.00142836	0.002343602	0.000912097	0	0	0	0.002731885	0.002594258
BACasv244	0.002216421	0.002343602	0.002337248	0.002311021	0	0	0	0.003055459
BACasv246	0.001625376	0.003061803	0.000912097	0.003403504	0	0	0	0
BACasv247	0	0	0.000342036	0	0	0.000545162	0	0
BACasv248	0.002167167	0.001663202	0.003876411	0.002857263	0	0	0	0
BACasv249	0.002708959	0.001701002	0.003249344	0.00382369	0	0	0.001886302	0.005822668
BACasv254	0.005664188	0.007030807	0.009006955	0.009328123	0	0	0.000975673	0.001210654
BACasv256	0.001773137	0.002948403	0.001197127	0.001680743	0	0	0.003447379	0.00657212
BACasv257	0.001576122	0.000831601	0.002052218	0.001596706	0.000582504	0	0.003057109	0
BACasv259	0.000492538	0	0.00057006	0.000504223	0	0	0.001691167	0.001844806
BACasv262	0.00517165	0.005745606	0.004332459	0.005168284	0	0	0	0.001325954
BACasv263	0.000738807	0.001134001	0.002109224	0.002395059	0	0	0	0
BACasv273	0.003546274	0.002646003	0.003135332	0.001890836	0	0	0	0.007090972
BACasv274	0.000738807	0.002419202	0.003819405	0.004495987	0	0	0	0
BACasv275	0.001920898	0.002835003	0.002223236	0.005168284	0	0	0	0
BACasv278	0.001182091	0.002079002	0.002394254	0.001806799	0	0	0.004423052	0.00317076
BACasv279	0.005713441	0.001625402	0.000912097	0.00088239	0	0	0	0
BACasv280	0.007388071	0.011982612	0.003420363	0.004832136	0	0	0	0
BACasv282	0.003546274	0.005027405	0.00518755	0.005630489	0	0	0	0.001383604
BACasv283	0.000541792	0.001058401	0.000912097	0.001008446	0	0	0.002211526	0.003804912
BACasv286	0.003546274	0.002154602	0.003534375	0	0	0	0.001365943	0.005765018
BACasv287	0.000591046	0.000831601	0.001140121	0.000756334	0.001376827	0.000842523	0.001821257	0.001441254
BACasv289	0.004580604	0.003893404	0.00330635	0.00352956	0	0	0	0
BACasv290	0.003349259	0.001701002	0.003249344	0.001722761	0.000688413	0.000446041	0	0.002478958
BACasv293	0.003152244	0.000529201	0.003648387	0.002016891	0	0.000223021	0.001496032	0
BACasv302	0.003152244	0.001398601	0.001539163	0.001218539	0	0	0.000195135	0.002363657
BACasv303	0.002659705	0.003553204	0.002394254	0.003151393	0	0	0	0
BACasv304	0	0	0.002793296	0	0	0	0	0
BACasv307	0.00206866	0.001814402	0.000627066	0.000756334	0	0	0.003187199	0
BACasv310	0.003398513	0.001701002	0.002280242	0.001512669	0	0	0	0.005073216
BACasv312	0.004974634	0.003024003	0.001881199	0.003025337	0	0	0.001821257	0.002075406
BACasv313	0.002364183	0.001701002	0.001425151	0.00147065	0	0	0	0
BACasv315	0	0	0.001539163	0.002857263	0	0	0	0
BACasv318	0	0	0.001197127	0	0	0	0.000520359	0.002306007
BACasv320	0.00349702	0.002381402	0.001368145	0.001722761	0	0	0.001821257	0.000518852
BACasv322	0	0	0.002679284	0	0	0	0	0.001960106
BACasv327	0.005861203	0.005329805	0.003420363	0.001092483	0	0	0	0
BACasv328	0	0	0.002622278	0.001638724	0	0	0.001365943	0
BACasv330	0.000443284	0	0.000912097	0	0	0	0	0
BACasv331	0.000985076	0.001058401	0.000684073	0	0.000423639	0.000743402	0	0
BACasv333	0.005368665	0.003666604	0.005073538	0.006428842	0	0	0	0.000749452
BACasv334	0.001132838	0.002154602	0.001995211	0.000966427	0	0	0.00026018	0.000403551
BACasv335	0.001773137	0.000793801	0.000969103	0.000756334	0	0	0.002146481	0.002594258
BACasv338	0.002610452	0.001663202	0.00216623	0	0	0	0	0
BACasv339	0.00142836	0.001663202	0.000627066	0.000840371	0	0	0	0
BACasv341	0.005713441	0.005216405	0.005529586	0.004832136	0	0	0.00572395	0.005015566
BACasv342	0.001083584	0.004044604	0.001710181	0.001218539	0	0	0	0
BACasv343	0.001083584	0.002003402	0.001140121	0.003571579	0	0	0	0
BACasv345	0.000788061	0	0.001653175	0.001848817	0	0	0	0
BACasv346	0	0.001587602	0.001938205	0.001848817	0	0	0	0
BACasv349	0.001231345	0.002419202	0.001197127	0.000714316	0	0	0	0
BACasv350	0.003300005	0.002041202	0.002223236	0.001260557	0	0	0.001300898	0.002709558
BACasv352	0.003841797	0.003213003	0.001197127	0.003109374	0.000317729	0.000198241	0.006504488	0.006283869
BACasv353	0.002561198	0.003061803	0.001140121	0.002269003	0	0	0	0
BACasv354	0.00142836	0.001247401	0.001482157	0.00176478	0	0	0.001886302	0.002363657
BACasv355	0.00142836	0.001247401	0.000684073	0.001638724	0	0.000272581	0.002731885	0.002075406
BACasv362	0.003989558	0.002570403	0.001653175	0.001344594	0	0	0	0.002767209
BACasv364	0.002413436	0.001512002	0.000627066	0.00058826	0	0	0	0.000634152
BACasv368	0.001920898	0.001776602	0.001653175	0	0	0	0	0
BACasv370	0.001280599	0	0.001482157	0.001638724	0	0	0.001561077	0.001210654
BACasv371	0.000591046	0	0.000684073	0.001638724	0	0	0	0
BACasv375	0.001871645	0.001096201	0.000855091	0.000504223	0	0	0	0
BACasv376	0.001822391	0.002570403	0.004047429	0.00205891	0	0	0	0
BACasv378	0.001083584	0.001134001	0.00273629	0.001932854	0	0	0	0.000518852
BACasv380	0.000492538	0.000378	0.000969103	0.000714316	0	0	0.002471705	0
BACasv383	0.002955228	0.001890002	0.001710181	0.001008446	0	0	0.001235853	0.001960106
BACasv390	0.001822391	0.0004158	0.001083115	0.000672297	0	0	0	0.001729505
BACasv391	0.002610452	0.002041202	0.003477369	0.003277449	0	0	0	0
BACasv392	0.001674629	0.001587602	0.001938205	0.003361486	0	0	0	0.000518852
BACasv393	0.001773137	0.001096201	0.001596169	0.001554687	0	0	0	0.000634152
BACasv402	0.001132838	0.001360801	0.001026109	0.000756334	0	0	0	0.001153004
BACasv404	0.000443284	0.003628804	0.002565272	0.002184966	0	0.000247801	0	0
BACasv406	0	0.000567001	0.000969103	0.000630279	0	0	0.000910628	0.001268304
BACasv407	0	0.001096201	0.001254133	0.000672297	0	0	0.001951346	0.003459011
BACasv414	0.000640299	0.001323001	0.000969103	0.000546241	0	0	0	0
BACasv415	0.001231345	0.002230202	0.000684073	0.00058826	0	0	0.001365943	0.000518852
BACasv416	0.001674629	0.001058401	0.001995211	0.002311021	0	0	0	0.001614205
BACasv417	0.000738807	0	0.001995211	0.001386613	0	0	0	0
BACasv418	0.001625376	0.000945001	0.000741079	0.00147065	0	0	0	0
BACasv420	0	0.0004536	0.001026109	0.001260557	0	0	0.002276571	0.001210654
BACasv422	0.000295523	0	0.00028503	0.001302576	0	0	0.001496032	0.002017756
BACasv429	0	0	0.000171018	0	0	0.000198241	0	0
BACasv433	0	0	0.001425151	0.001386613	0	0	0	0
BACasv434	0	0	0.001026109	0.001386613	0	0	0	0.000634152
BACasv436	0.000738807	0.0004158	0.001140121	0.000462204	0	0	0.00266684	0.001902456
BACasv437	0.000738807	0.0004536	0.00057006	0.001134501	0	0	0.001756212	0.00328606
BACasv441	0	0	0.000627066	0	0	0	0	0
BACasv445	0.00103433	0.0004914	0.001824193	0.000798353	0	0	0	0
BACasv446	0	0	0.001824193	0.001302576	0	0	0	0.000576502
BACasv453	0.001526868	0.002494802	0.001311139	0.001218539	0	0	0	0
BACasv457	0.000591046	0.001512002	0.003078326	0.003067356	0	0	0	0
BACasv458	0.001920898	0.001587602	0.003192338	0.004243876	0	0	0	0
BACasv462	0	0	0.000171018	0	0	0	0	0
BACasv464	0.000935822	0.000907201	0.001083115	0.001260557	0	0	0	0
BACasv468	0.00142836	0.001247401	0.001197127	0.002184966	0	0	0	0
BACasv472	0.003053736	0.002608203	0.004218447	0.00264717	0	0.000173461	0.001300898	0.001960106
BACasv479	0.000640299	0.000378	0.000741079	0.000840371	0	0	0	0.001614205
BACasv485	0.00246269	0.001096201	0.00216623	0.000378167	0	0	0	0
BACasv486	0	0	0.001539163	0	0	0	0	0
BACasv487	0	0.000680401	0.001539163	0	0	0	0	0
BACasv488	0.000985076	0	0.001539163	0	0	0	0	0
BACasv489	0.001379107	0.0004536	0.001539163	0.001974873	0.000158865	0	0.000455314	0.000461201
BACasv499	0.000640299	0.000982801	0.001425151	0.001890836	0	0	0	0
BACasv501	0	0.000982801	0.001425151	0	0	0	0	0
BACasv502	0	0	0.001482157	0	0	0	0	0
BACasv503	0	0	0.001482157	0.000504223	0	0	0	0
BACasv505	0	0.0004914	0.000399042	0	0	0	0.001691167	0
BACasv508	0.001231345	0.000529201	0.000684073	0.000546241	0	0	0	0
BACasv509	0.001083584	0	0.001425151	0.001050464	0	0	0	0
BACasv510	0.001822391	0.000945001	0.000456048	0.001050464	0	0	0	0
BACasv513	0	0	0.001824193	0.001008446	0	0	0	0.001441254
BACasv518	0.00103433	0.000680401	0.001368145	0.000966427	0	0	0	0
BACasv521	0	0.000793801	0.001026109	0.001932854	0	0	0	0
BACasv526	0.000935822	0.000642601	0.001083115	0	0	0	0	0.001902456
BACasv527	0.000985076	0	0.001083115	0.000798353	0	0	0	0.001383604
BACasv528	0.00142836	0.001323001	0.00028503	0.000462204	0	0	0.000650449	0.002767209
BACasv530	0	0.0002268	0.000513054	0.000630279	0	0	0	0
BACasv534	0.001132838	0.000831601	0.000969103	0.000924409	0	0	0	0
BACasv535	0.001132838	0.000793801	0.000627066	0.000630279	0	0	0	0.000807103
BACasv536	0.00206866	0.000869401	0.000684073	0	0	0	0	0
BACasv537	0	0.000869401	0.00057006	0	0	0	0.000910628	0.001325954
BACasv538	0	0	0.001083115	0.000966427	0	0	0	0
BACasv539	0	0.000604801	0.000855091	0.001806799	0	0	0	0
BACasv545	0.000591046	0	0.001026109	0.000630279	0	0	0	0.002190707
BACasv551	0.00103433	0.0004158	0.001254133	0.000462204	0	0	0	0
BACasv553	0	0.0003402	0.001140121	0.000924409	0	0	0	0
BACasv555	0	0.000604801	0.000912097	0.000924409	0	0	0	0
BACasv557	0	0.000604801	0.000513054	0.000630279	0	0	0.001430987	0.001095353
BACasv566	0.003250751	0.002343602	0.002052218	0.002311021	0	0	0	0
BACasv585	0.000985076	0.000378	0.000228024	0	0	0	0	0.000461201
BACasv587	0.001674629	0.000756001	0.000684073	0.000546241	0	0	0.000585404	0
BACasv590	0.000788061	0.000756001	0.00057006	0.000546241	0	0	0	0
BACasv592	0	0.000189	0.001425151	0.000798353	0	0	0	0
BACasv593	0	0	0.001140121	0.000756334	0	0	0	0
BACasv594	0.000689553	0.000718201	0.00057006	0.000840371	0	0	0	0.000634152
BACasv595	0.000640299	0.0004536	0.000912097	0.001638724	0	0	0.002081436	0.000691802
BACasv603	0.000788061	0.0004914	0.001026109	0	0	0	0	0.001153004
BACasv605	0	0	0.000912097	0.000504223	0	0	0	0.001153004
BACasv607	0	0	0.000627066	0.000378167	0	0	0	0
BACasv614	0.002758213	0.001701002	0.001254133	0.000672297	0	0.000272581	0	0.000749452
BACasv615	0	0	0.001083115	0	0	0	0	0
BACasv616	0.000689553	0.000604801	0.001083115	0.000672297	0	0	0.001040718	0.000864753
BACasv617	0	0.000680401	0.000912097	0.000798353	0	0	0	0
BACasv618	0.000591046	0.000945001	0.000855091	0.000798353	0	0	0	0
BACasv619	0	0.0004158	0.001083115	0.00117652	0	0	0	0.000461201
BACasv628	0	0	0.000456048	0	0	0	0	0.001095353
BACasv632	0	0	0.000399042	0	0	0	0	0.001095353
BACasv639	0.000886568	0.000529201	0.001140121	0.000714316	0	0	0	0
BACasv641	0.000886568	0.000680401	0.001026109	0	0	0	0	0
BACasv651	0.001132838	0.000907201	0.000399042	0.000378167	0	0	0	0
BACasv655	0.000837315	0.000642601	0.000684073	0.000252111	0	0	0	0
BACasv658	0	0	0.000969103	0	0	0	0	0
BACasv659	0	0	0.000969103	0.000420186	0	0	0.000455314	0
BACasv660	0	0	0.000969103	0	0	0	0.000975673	0.000576502
BACasv661	0	0	0.000969103	0.000630279	0	0	0	0
BACasv662	0	0	0.000969103	0	0	0	0	0.0001153
BACasv663	0	0	0.000342036	0.000714316	0	0	0	0
BACasv668	0	0	0.000342036	0.000420186	0	0	0	0.000980053
BACasv679	0	0.000604801	0.000912097	0.000462204	0	0	0.000910628	0
BACasv680	0.000492538	0	0.000342036	0.000672297	0	0	0	0
BACasv684	0.000738807	0.0003024	0.000456048	0.000210093	0	0	0	0.000922403
BACasv685	0.000295523	0.000189	0.000399042	0.000504223	0	0	0	0.000922403
BACasv693	0.000738807	0	0.000741079	0	0	0	0	0
BACasv694	0.000738807	0.000680401	0.000684073	0	0	0	0	0
BACasv701	0	0	0.000855091	0	0	0	0.000520359	0
BACasv702	0	0	0.000855091	0	0	0	0	0
BACasv703	0.000246269	0	0.000855091	0	0	0	0	0
BACasv704	0	0	0.000855091	0	0	0	0	0
BACasv705	0	0	0.000855091	0.000420186	0	0	0	0
BACasv717	0	0	0.000798085	0	0	0	0	0
BACasv719	0	0.0001134	0.000627066	0.00058826	0	0	0	0
BACasv720	0.000492538	0.0001512	0.000741079	0.00058826	0	0	0	0
BACasv733	0	0.0004914	0.00057006	0	0	0	0	0
BACasv735	0	0.0004914	0.00028503	0.000462204	0	0	0	0
BACasv739	0	0	0.000741079	0.000336149	0	0	0	0
BACasv758	0	0.0004536	0.000456048	0.00029413	0	0	0	0
BACasv762	0	0	0.000684073	0	0	0	0	0
BACasv763	0	0.000189	0.000684073	0.000378167	0	0	0	0
BACasv764	0	0	0.000684073	0	0	0	0	0
BACasv765	0	0	0.000684073	0.000420186	0	0	0	0
BACasv767	0	0	0.000513054	0.000504223	0	0	0	0
BACasv775	0	0	0.000513054	0	0	0	0	0
BACasv778	0.000541792	0.0002268	0.000456048	0.000336149	0	0	0	0
BACasv779	0.000246269	0.0004158	0.000228024	0.000210093	0	0	0	0
BACasv786	0	0	0.000627066	0	0	0	0	0
BACasv805	0.000738807	0.000529201	0.000513054	0.000798353	0	0	0.000520359	0.000403551
BACasv807	0.000197015	0.000680401	0.000399042	0.000126056	0	0	0	0
BACasv812	0	0.000378	0.000513054	0	0	0	0	0
BACasv817	0	0	0.00057006	0	0	0	0	0
BACasv821	0	0	0.000456048	0.000420186	0	0	0	0
BACasv823	0.000295523	0	0.000912097	0.000798353	0	0	0	0
BACasv833	0	0	0.000342036	0	0	0	0	0
BACasv850	0	0.0003402	0.000456048	0	0	0	0	0
BACasv851	0	0	0.000513054	0	0	0	0	0
BACasv852	0.000246269	0.0002646	0.000684073	0	0	0	0	0
BACasv853	0	0	0.000513054	0	0	0	0	0
BACasv854	0	0	0.000513054	0	0	0	0	0
BACasv855	0	0	0.000513054	0	0	0	0	0
BACasv876	0	0.0003024	0.00028503	0.000336149	0	0	0	0
BACasv878	0	0.0003024	0.00028503	0	0	0	0	0
BACasv880	0	0	0.000456048	0	0	0	0	0
BACasv881	0	0	0.000456048	0	0	0	0	0
BACasv882	0.000246269	0.0002646	0.000456048	0	0	0	0	0
BACasv883	0	0	0.000456048	0	0	0	0	0
BACasv884	0.000295523	0	0.000456048	0.00029413	0	0	0	0
BACasv887	0	0.0002268	0.000114012	0.000336149	0	0	0	0
BACasv912	0	0	0.000399042	0.000252111	0	0	0	0
BACasv915	0	0	0.000228024	0.00029413	0	0	0	0
BACasv950	0	0.0002268	0.000228024	0	0	0	0	0
BACasv951	0	0	0.000342036	0	0	0	0	0
BACasv952	0	0	0.000342036	0	0	0	0	0
BACasv953	0	0	0.000171018	0.000252111	0	0	0	0
BACasv981	0.000197015	0	0.00028503	0	0	0	0.000195135	0
BACasv982	0	0	0.00028503	0	0	0	0	0
BACasv985	0	0	0.000228024	0.000210093	0	0	0	0
BACasv998	0.000197015	0	0.000114012	0	0	0	0	0
BACasv1005	0	7.56E-05	0.000228024	0	0	0	0.000195135	0
BACasv1006	0	0	0.000228024	0	0	0	0	0
BACasv1023	0	0.0001134	0.000114012	0	0	0	0	0
BACasv1024	0	0	0.00028503	0	0	0	0	0
BACasv1025	0	0	0.000114012	0.000126056	0	0	0	0
BACasv1041	0	0	0.000114012	0	0	0	0	0
BACasv1042	0	0	0.000114012	0	0	0	0	0
FUNasv1	0.007321718	0.006798857	0.004597621	0.0117293	0.001090146	0.002875771	0.004106252	0.001715756
FUNasv2	0.270673729	0.213225929	0.233329249	0.278185045	0.219628739	0.189242054	0.26670989	0.279350554
FUNasv3	0.018375432	0.023844768	0.029032691	0.02882718	0.053142065	0.049400396	0.061122244	0.085819591
FUNasv5	0.061583417	0.061906893	0.093224344	0.076780616	0.006377863	0.004715334	0.014902354	0.014552156
FUNasv6	0.001094427	0.001543369	0.001948738	0.007077266	0.001232782	0.000116428	0.001041298	0.000254186
FUNasv7	0.000777043	0.000596693	0.002147112	0.004122893	0	0.000256142	0.001011828	0.000651352
FUNasv8	0.001477477	0.001405671	0.001767867	0.0051922	0.000163012	0.000256142	0.000972533	0.000460712
FUNasv9	0.019349472	0.009931495	0.01061887	0.011222206	0.031817997	0.105111189	0.058735117	0.069885299
FUNasv10	0.017270061	0.01648938	0.012124182	0.021650701	0.024329611	0.106077541	0.03922551	0.057366632
FUNasv12	0.016646237	0.020964577	0.029785347	0.040391124	0.005736001	0.001932705	0.009872687	0.005051949
FUNasv13	0.050595368	0.042841406	0.00939945	0.007573336	0.039550901	0.044650134	0.010442454	0.010707591
FUNasv14	0.024175896	0.034757364	0.028460906	0.015389194	0	0.002945628	0.015540886	0.005735075
FUNasv15	0	5.74E-05	0.00051344	0.000948045	0	0	0.000265236	6.35E-05
FUNasv16	0.001083483	0.00152042	0.001960407	0.000440951	0.114709838	0.007311678	0.024401745	0.011104756
FUNasv17	0.00015322	0.000206548	0.00077016	0.002193732	0	0.000104785	0.000334001	0.000206526
FUNasv18	3.28E-05	7.46E-05	7.58E-05	0.000220476	0.10800595	0.001106066	0.002406774	0.000921425
FUNasv20	0.010309504	0.006127578	0.007695764	0.010593851	0.029933165	0.012376295	0.019607843	0.01264576
FUNasv22	0.005669133	0.008181578	0.004580117	0.00554496	0.019643003	0.01306322	0.040718692	0.022844978
FUNasv23	0.001291424	0.001124537	0.003127316	0.007485145	0.000845627	0.004936547	0.000491178	0.001985829
FUNasv25	0.009707569	0.002363822	0.002374659	0.001719709	0.030931616	0.011968797	0.02879288	0.018142535
FUNasv26	0.003742941	0.00422275	0.00345405	0.002127589	0.000478849	0.001303993	0.000648356	0
FUNasv27	0.00202469	0.001635168	0.002689725	0.002645707	0.000315837	0.001129351	0.001149358	0.000905538
FUNasv28	0.00105065	0.000539319	0.001102729	0.003924465	2.04E-05	0	2.95E-05	0
FUNasv30	0.000842709	0.000476207	0.000414253	0.001653567	6.11E-05	0.000104785	5.89E-05	9.53E-05
FUNasv32	0.004574706	0.003568683	0.005776199	0.012831678	0.011971228	0.007334963	0.00916539	0.01118419
FUNasv33	0.013089349	0.013500178	0.011336519	0.002789016	0.000621485	0.000267784	0.000186648	0.000413052
FUNasv34	0.002933065	0.003304761	0.00435257	0.005412675	0.001018828	0.001397136	0.000805533	0.000603692
FUNasv35	0.009587182	0.010453601	0.011744937	0.006018983	0	0	0	0
FUNasv37	0.000164164	0.000154911	0.000169202	0.000341737	0	0.000116428	0.000334001	0.000222413
FUNasv38	0.011360154	0.008370914	0.008956025	0.003252015	0.001253158	0.001758063	0.000933239	0.000667239
FUNasv39	0.048953728	0.041602121	0.040030806	0.026236592	0.021558399	0.029537781	0.01376282	0.01080291
FUNasv40	0.011633761	0.014005072	0.011972484	0.001146473	0.000611297	0.000593783	0.002151362	0.000508372
FUNasv41	0.000448715	0.000688492	0.001464471	0.002050423	0.000682615	0.007137036	0.003565955	0.001477457
FUNasv43	0.000755155	0.001027	0.001551989	0.002700826	0.000224142	6.99E-05	0.000579591	9.53E-05
FUNasv45	0.004826424	0.002914616	0.011546563	0.020019181	0.008171	0.001152637	0.004204487	0.001286817
FUNasv47	0.00361161	0.003046576	0.0085126	0.014055317	0.002058032	0.003772267	0.002966718	0.001429797
FUNasv48	0.011469597	0.008405338	0.003098143	0.005677246	0.003331567	0.000465712	0.002907776	0.002128809
FUNasv49	0.006544675	0.00757341	0.008121685	0.003946513	0	0	1.96E-05	9.53E-05
FUNasv50	0	0.000131961	0.001213585	0.000551189	0.004543973	0.01314472	0.001807537	0.064849236
FUNasv51	0.000404938	0.000240972	0.000326734	0.000462999	0.001253158	0.005553615	0.001964714	0.002462428
FUNasv52	0.020093683	0.017057386	0.011103137	0.015565575	0.009923384	0.03594132	0.011581988	0.007434944
FUNasv53	0.000317384	0.000137698	0.001044383	0.001675614	0	0	0.000265236	7.94E-05
FUNasv58	0.000262663	0.000218022	0.000233382	0.001554353	0	6.99E-05	0.000108059	6.35E-05
FUNasv60	0.000175108	0.000189335	0.000344238	0.000143309	0.000244519	9.31E-05	0.005805729	0
FUNasv61	0	0.000114749	0.000221713	0.000396856	0	0	9.82E-05	9.53E-05
FUNasv62	0.00901808	0.007240639	0.010350481	0.009491473	0.000916945	0.000849924	0.001522653	0.000730785
FUNasv63	0.012925185	0.012381379	0.014236287	0.008918237	0.00633711	0.007090465	0.00501002	0.003510946
FUNasv64	0.001937136	0.001669593	0.000490102	0.000716546	0.000152824	0	0	0
FUNasv65	5.47E-05	4.59E-05	8.17E-05	0.000374808	0.002037656	0.007835604	0.008124091	0.015092301
FUNasv66	0.000448715	0.000504894	0.000245051	0	0.003708534	0.005996041	0.003408778	0.018301401
FUNasv68	0.000908375	0.000803241	0.0012836	0.001377972	9.17E-05	0.002165561	0	0.001127951
FUNasv69	0.001729195	0.000665542	0.011680757	0.003648871	0	0	3.93E-05	0
FUNasv70	0.00015322	9.75E-05	0.000274224	0.000187404	0.00379004	0.001536849	0.016611655	0.003336193
FUNasv71	0.00707	0.007906182	0.007532396	0.00347249	0	3.49E-05	7.86E-05	6.35E-05
FUNasv72	0.001707306	0.001784341	0.001727025	0.002105542	0.000641862	0.001851205	0.000510826	0.000413052
FUNasv73	0.000404938	0.000929464	0.009201076	0.008058382	0	0	0	0
FUNasv74	0.00128048	0.00062538	0.001651176	0.000540165	0.001436547	0.015845849	0.001728948	0.002589521
FUNasv75	0.001652585	0.001434358	0.001056052	0.001664591	0.000112071	0	0	0.000285959
FUNasv76	0.00030644	0.000120486	0.000414253	0.000661427	0.000122259	0.000232856	0.000363472	0.000238299
FUNasv77	0.000262663	0.000384408	0.000851843	0.002061447	0.000254707	0.001222494	0.000167001	0.000508372
FUNasv78	0.000284551	0.000458995	0.002543861	0.00487251	0.000560355	0.001781348	0.000451884	0.016061386
FUNasv79	0.00112726	0.009047931	0.000933527	0.000418904	0.001130899	0.002456631	0.001591418	0.001541003
FUNasv80	7.66E-05	0.000109011	0.000396749	0.000231499	0.000122259	0	0	0
FUNasv81	0.000317384	0.000321296	0.000268389	0.004729201	0	0	6.88E-05	6.35E-05
FUNasv82	0.000142276	0	0.00166868	0.000529141	0.000509414	0.001245779	0.000736768	0.029660344
FUNasv83	0.005067198	0.004125214	0.003057301	0.002634683	0	0	0.000186648	0
FUNasv84	0.002768901	0.003126901	0.002689725	0.001466163	0	0	0	0
FUNasv85	0.002922121	0.002627744	0.004405081	0.001620495	0.000183389	0.000919781	0.000255413	0.000413052
FUNasv86	0.002013746	0.002042526	0.002012918	0.001973256	0.000611297	0.001001281	0.00209242	0.001525117
FUNasv87	0.003972771	0.001411408	0.003640755	0.001609472	0	0	0	0
FUNasv88	0.001105371	0.00482518	0.005350277	0.002337041	4.08E-05	0	0	0
FUNasv89	0	0	7.58E-05	0.000121262	0	5.82E-05	0.000117883	0
FUNasv90	0.001455588	0.002214649	0.002222961	0.001521281	0.001976526	0.000174642	0.000216119	0.000285959
FUNasv92	0.003502167	0.004234225	0.004685139	0.000959069	0.00225161	0.000814996	0.000108059	0.000667239
FUNasv93	0.002582848	0.002622006	0.003127316	0.001444115	0	0	0	0
FUNasv94	0.007956486	0.003924404	0.000688476	0	0.000366778	0	0.000618885	0
FUNasv95	0.000164164	0.00022376	0.000157533	0.000914974	0.00764121	0.004133194	0.006120083	0.001985829
FUNasv97	0.000995929	0.001204861	0.001318607	0.001499234	0.002587823	0.000966352	0.002426421	0.004416484
FUNasv98	0.000328328	0.000321296	0.000332569	0.000540165	7.13E-05	0	7.86E-05	0
FUNasv99	0.001389923	0.001508945	0.001231089	0.001289782	0.000550167	0.000221213	0.000579591	0.001032631
FUNasv100	0.004552817	0.003551471	0.000437591	0.000925997	0.001711631	0.000593783	0.001188652	0
FUNasv101	0.001740139	0.00082619	0.000916023	0.00148821	0.001884832	0.002433345	0.002259421	0.001715756
FUNasv103	0.001937136	0.002237599	0.001015211	0.002381136	0.005552612	0.015112353	0.009872687	0.005623868
FUNasv104	0.001072539	0.000734391	0.000420087	0.001455139	0.002516505	0.001501921	0.002681834	0.002271789
FUNasv105	0.000492492	0.00040162	0.001236923	0.001377972	0.003973429	0.000710211	0.003104248	0.00179519
FUNasv106	0.002615681	0.003132638	0.002742236	0.000485046	0	0	0	0
FUNasv107	0.007376439	0.010178205	0.005770364	0.005666222	0.00065205	0	0.000442061	0
FUNasv110	0.002342074	0.002868716	0.002409667	0.002182708	0.000305648	0	0	0
FUNasv111	0.000580046	0.000866352	0.00390331	0.004905581	9.17E-05	0	7.86E-05	0
FUNasv112	0.000952152	0.002082688	0.002205458	0.001069306	0.000407531	0	0	0
FUNasv113	0.000393994	0.000654067	0.005606997	0.004233131	0.000152824	0	0.001326182	0.000206526
FUNasv114	0.002188854	0.000665542	0.003296517	0.00396856	0.00035659	0.00058214	0.001453888	0.000635465
FUNasv115	0.000503437	0.000367196	0.002088767	0.006162292	0	0.000162999	0.000510826	0.000206526
FUNasv116	0	3.44E-05	0.000110856	0	0.000529791	0.001699849	0.009528862	0.001143838
FUNasv117	0.001039706	0.001887615	0.001598665	0.000132285	0	0	0	0
FUNasv118	0.002068467	0.002381034	0.001697852	0.002314993	0.000224142	0.000244499	0.000167001	0
FUNasv120	0.002199799	0.002277761	0.002252134	0.000352761	0	0	0	0
FUNasv122	0.001378978	0.000946676	0.000688476	0.000121262	0.000315837	0	0.000471531	0
FUNasv123	0.002199799	0.00252447	0.00236299	0.000231499	0	0	0	0
FUNasv124	0.000733266	0.001004051	0.002339652	0.002469326	0.000101883	0.000302713	0.000510826	0.000270073
FUNasv125	0.001543142	0.002627744	0.002281307	0.00058426	0	0	0	0
FUNasv126	0.001543142	0.001600744	0.000309231	0.000220476	0.000305648	0.000139714	0.000334001	0
FUNasv127	0.000777043	0.001090112	0.00191373	0.002667754	0	0	0	0.000270073
FUNasv128	0.000831765	0.00020081	0.004428419	0.00875288	0.000815062	0.001152637	0.001581595	0.000810218
FUNasv129	0.001554087	0.001904827	0.003448216	0.003196896	0.000254707	0.000104785	0.000108059	7.94E-05
FUNasv130	0.001816749	0.001405671	0.002024587	0.000617332	0	0	0	0
FUNasv132	0.000853653	0.000803241	0.000478433	0.000143309	0.000621485	0.000442426	0.001355652	0.000381279
FUNasv133	0.00022983	0.000240972	0.000350073	0.000881902	0	0	0	0
FUNasv134	0.000612879	0.001417146	0.001242758	0.003461466	0.000631673	0	0.000481355	0.000413052
FUNasv135	0.001105371	0.001577794	0.001960407	0.002590588	0.000285272	0.00058214	0.000491178	0.000778445
FUNasv136	0.0021013	0.003063789	0.001446967	0.00067245	0	0	3.93E-05	0
FUNasv137	0.00256096	0.002966252	0.000519274	0.000573236	0	0	0.000235766	0
FUNasv138	0.001641641	0.00384408	0.001382787	0.001664591	0.000173201	0	8.84E-05	0
FUNasv139	0	0	0.000175036	0.000562213	0	0	0	0
FUNasv140	0.000580046	0.001640906	0.001108563	0.000242523	0	0	0	0.000349506
FUNasv141	0.001247647	0.00152042	0.001569492	0.001565377	0.000489037	0.001734777	0.00085465	0.001175611
FUNasv142	0.000481548	0.000218022	0.002631379	0.002502398	9.17E-05	8.15E-05	0.000127706	9.53E-05
FUNasv144	8.76E-05	6.31E-05	5.83E-05	9.92E-05	0	0	2.95E-05	0
FUNasv145	0.000853653	0.000797503	0.001388621	0.001796876	0	0	0	0
FUNasv146	0.000459659	0.000292609	0.00057762	0.000573236	0	0.000221213	0	0
FUNasv149	0	0.000292609	0.00493019	0.002733897	0	0	0	0
FUNasv150	0.001488421	0.001761392	0.001464471	0.000121262	5.09E-05	0	0	0
FUNasv152	0.000963096	0.001101587	0.000840174	0.000948045	0.000122259	0.000686925	0.000756415	0.000667239
FUNasv153	0.001225758	0.001646643	0.000875182	0.000231499	0.002669329	0.003271626	0.003782074	0
FUNasv154	7.66E-05	0.000218022	0.000105022	0.002215779	0	0	0	0
FUNasv155	0.000273607	0.000120486	0.00025672	0.000374808	0.00100864	0.003795552	0.00110024	0.00146157
FUNasv156	0	0	7.58E-05	0.000165357	0	0	0	0
FUNasv157	0.001072539	0.001170436	0.001312772	0.000352761	0	0	0	0
FUNasv160	0.00082082	0.001067162	0.000653469	0.000264571	0.000173201	0	0.000147354	0.000174753
FUNasv161	0.001718251	0.001612218	0.000816836	0	0	0	0	0
FUNasv164	0.005494024	0.004326024	0.001050218	0.000716546	0.000438096	3.49E-05	0.000108059	0.000111206
FUNasv166	0.000317384	0.000487682	0.000350073	0.000451975	0.002149727	0.000325998	0	0.000285959
FUNasv167	0.00089743	0.001027	0.000892685	7.72E-05	0	0.000698568	0	0
FUNasv168	0.001608808	0.000843403	0.000420087	0.000683474	0.000315837	0.000221213	0.000225942	0.00019064
FUNasv169	0.000580046	0.000757341	0.000268389	0.000363785	0.001110522	0.008534172	0.002141538	0.002875481
FUNasv170	0.000350217	0.000642592	0.000635965	7.72E-05	0.000682615	6.99E-05	0.000707297	0.000238299
FUNasv172	0.002199799	0.001038475	0.002538027	0.003406347	0.000876192	0.001280708	0.001581595	0.001223271
FUNasv175	0.001028762	0.000699967	0.000840174	0.000925997	0.00035659	0.000104785	0.000442061	0.00014298
FUNasv176	0.000295495	0.000143436	0.000390914	0.000330713	0.000285272	0.000174642	0.000265236	0.000174753
FUNasv177	0.000689489	0.000367196	0.00025672	0.000562213	0.000387155	0.000780068	0.000766238	0.000873765
FUNasv179	0	0.000292609	0.001528651	0.000937021	0	0	5.89E-05	4.77E-05
FUNasv181	6.57E-05	0.000487682	0.000379245	0.000650403	0.000193577	0.000698568	0	0.000365393
FUNasv182	3.28E-05	0	2.33E-05	9.92E-05	0	4.66E-05	0.000186648	0
FUNasv184	0.000437771	0.00082619	0.000618462	0	0	0	0	0
FUNasv185	0.000470604	0.00042457	0.000595123	0.000606308	0	0	0	0
FUNasv187	0.00030644	0.001233548	0.000775994	0.000529141	0	0	0	0
FUNasv188	0.00038305	0.000103274	7.58E-05	0.000286618	0	0	0	0
FUNasv191	0.000350217	0.000269659	0.001131902	0.001278758	0	3.49E-05	0	0
FUNasv193	7.66E-05	0.000120486	0.00057762	0.001851995	0	0	0	0
FUNasv194	0.000711378	0.000722916	0.000752656	0.001499234	0	0.002386774	8.84E-05	0
FUNasv195	0.00015322	0	0.001581161	0.00131183	0	0	0	0
FUNasv197	0	5.74E-05	5.25E-05	0.001234663	0	0	0	0
FUNasv198	8.76E-05	0.000103274	0.00051344	0.000165357	0.000387155	0	0.001355652	0.000873765
FUNasv199	0.000186053	8.61E-05	0.001995414	0.000121262	0	0	0	0
FUNasv200	0.000317384	0.000522106	0.000560116	0.001278758	0	0.000442426	0.000471531	0
FUNasv201	0	0.000780291	0.000635965	8.82E-05	0	0	0	0
FUNasv202	0.000623823	0.000315559	0.000729318	0.000937021	0	0.000139714	0.000117883	9.53E-05
FUNasv206	0.000207941	6.88E-05	2.92E-05	0	9.17E-05	0.005425544	0.000648356	0.000492486
FUNasv208	0.00022983	0.000384408	0.000740987	0.00031969	0	0.000232856	0.000157177	0.000127093
FUNasv209	0.000503437	0.000476207	0.000274224	0.000374808	0.000183389	0.000826639	0.00027506	0.00014298
FUNasv210	0.000503437	0.000751604	0.000280058	0.000540165	9.17E-05	3.49E-05	4.91E-05	0
FUNasv212	0.000218885	0.000470469	0.000268389	0	0	0	0	0
FUNasv213	0	0	0.000951031	0.001455139	0	0	0	0
FUNasv214	0	0	7.00E-05	9.92E-05	0.000509414	0.000966352	0.000304531	0.000730785
FUNasv215	0.000186053	0.001141749	0.001015211	0.000848831	9.17E-05	0.000116428	8.84E-05	0
FUNasv217	0	4.59E-05	0.000665138	0.001675614	0	0	0	0
FUNasv218	0.001072539	0.001181911	0.001546154	0.001433091	0.002139539	0.001443707	0.001188652	0.002398882
FUNasv220	0.000481548	0.000642592	0.000280058	0	0.000570544	0.000314356	0.000314354	0.000524259
FUNasv221	0.000678545	0.001595006	5.83E-05	0.000110238	0	0	0	0
FUNasv222	0.000372105	0.000493419	0.000501771	0.000429927	3.06E-05	4.66E-05	0	0
FUNasv223	0	6.88E-05	8.17E-05	0.000308666	0.002037656	0.001175923	0.000373296	0.000619579
FUNasv224	0	0	2.33E-05	5.51E-05	0	0	0	0
FUNasv225	0.000328328	0.000275397	0.000157533	0.000297642	0	0	0.000933239	0.000762558
FUNasv226	0.00015322	0.000109011	0.000805167	0.000760641	0	0	0	0
FUNasv227	0.000711378	0.000803241	0.000525109	0.000352761	7.13E-05	6.99E-05	8.84E-05	0.000333619
FUNasv229	0.000120387	8.61E-05	7.00E-05	0.000110238	0.000743744	0.000256142	0.000314354	0.000270073
FUNasv230	0	0	7.58E-05	0	0	0	0	0
FUNasv231	0.000284551	0.000212285	0.000332569	0.000804736	0	0.000302713	0	0
FUNasv232	0.000207941	0.000677017	0.000186705	0.000650403	0	0	2.95E-05	0
FUNasv233	0	6.88E-05	9.34E-05	0.000440951	0	0	0	0
FUNasv234	0.000798932	0.000791766	0.001371118	0.001135449	0.000264895	0.000174642	0.000422413	4.77E-05
FUNasv236	0.001160093	0.000298346	0.000169202	0.000143309	3.06E-05	6.99E-05	0.000255413	0
FUNasv237	0.000295495	0.000504894	0.000420087	0	0	0	0.000147354	0
FUNasv238	0.000328328	0.000556531	0.00038508	0.000121262	0	0	0	0
FUNasv241	6.57E-05	0.000131961	0.000647634	0.000418904	0	8.15E-05	7.86E-05	6.35E-05
FUNasv243	9.85E-05	0.000149173	0.000484267	0.000220476	0.000407531	0	2.95E-05	0
FUNasv245	0.000120387	0.000131961	0.000268389	0.001069306	7.13E-05	6.99E-05	0	0.00019064
FUNasv246	0.000536269	0.000160648	8.17E-05	0.000198428	0.000550167	0.000407498	0.000147354	0
FUNasv248	0.00030644	0.000413095	0.000507605	6.61E-05	0	0	0	0
FUNasv249	0.000339272	0.000309821	9.92E-05	0.000231499	0	0	0	0
FUNasv250	0.000525325	0.000481944	0.000332569	0	0.000203766	0	0	0
FUNasv251	0	6.31E-05	0.000105022	0.00031969	0	0	0	0
FUNasv252	0	0.000149173	0.000140029	0.000396856	0	0	0	0
FUNasv254	0.000536269	0.000390145	0.000402584	0.000959069	0.001721819	0.00116428	0.001306535	0.000111206
FUNasv255	0.000404938	0.000229497	0.000490102	0	0.000132448	0.000139714	0.001424417	0
FUNasv256	0	0.000160648	0.000659303	0	0	0	0	0
FUNasv260	0.000426827	0.00087209	7.58E-05	5.51E-05	0	0	0	0
FUNasv262	0	9.18E-05	0.00012836	0.000110238	0.00029546	0.001676563	0.00041259	0.000413052
FUNasv265	0.000470604	0.000390145	0.000297562	0.000165357	3.06E-05	0	0	0.000508372
FUNasv267	8.76E-05	0.000699967	0.000326734	0.000451975	0.000427908	0	0	0
FUNasv268	0	0	0.000332569	0.000374808	0	0	0	0
FUNasv269	8.76E-05	3.44E-05	5.25E-05	5.51E-05	9.17E-05	0.00029107	0	0.000222413
FUNasv270	0	9.18E-05	0.0003209	7.72E-05	0	0	0	0
FUNasv271	0.000207941	0.000258184	0.000315065	0.000507094	0	0	0	0
FUNasv272	0	0	0.000180871	0.000330713	0	0	0	0
FUNasv273	0.000941207	0.000218022	0.000233382	0	0	0	8.84E-05	7.94E-05
FUNasv275	0	0	0.000151698	0.001102378	0	0	0.002131714	0
FUNasv276	0.000273607	0.000493419	0.000175036	0.000694498	0.001436547	0.000128071	0.000294707	0.000174753
FUNasv278	0.000426827	0.000407358	0.00044926	6.61E-05	0.000152824	0.000221213	0.000216119	0.000492486
FUNasv281	6.57E-05	0.000183598	0.000525109	0.000121262	0	0	0.000108059	0
FUNasv285	0.000295495	0.000441782	0.000478433	0	0	0	0	0
FUNasv290	0.000109443	2.87E-05	0.000402584	0.000275594	0.000173201	0	0	0
FUNasv291	0	0	3.50E-05	0	0	0	0	0
FUNasv292	0.00015322	8.03E-05	3.50E-05	0	0.000122259	0.000477355	0.000284883	0.000397166
FUNasv295	0.000284551	0.000384408	0.000350073	0.000352761	0	0.000197928	0	0
FUNasv297	0.000207941	0.000332771	0.000268389	0	7.13E-05	0	8.84E-05	0
FUNasv298	0	0	0.00012836	0.000264571	0	0	0	0
FUNasv300	0.000175108	0.000240972	0.000180871	4.41E-05	0	0	7.86E-05	0
FUNasv302	4.38E-05	0.000206548	6.42E-05	0	0.00023433	0.000116428	0.000225942	0
FUNasv305	0.000207941	0.000258184	0.000968534	0	4.08E-05	0	0	0
FUNasv307	0.000120387	9.18E-05	9.92E-05	0.000132285	0.00029546	0.000605426	0.000402766	0.00019064
FUNasv308	4.38E-05	0	9.92E-05	0	0	0	0	0
FUNasv312	0	0.000269659	0.00025672	0	0.000152824	0	0	0
FUNasv316	8.76E-05	0.000154911	7.58E-05	0.000110238	0	0	0	0
FUNasv318	0	0	5.25E-05	5.51E-05	0.000101883	0.000407498	0.000383119	0.000158866
FUNasv319	0.000175108	8.03E-05	0.000134195	0.000110238	0	0	0	0
FUNasv321	0	2.87E-05	0.000116691	0.000474022	0	0	0	0
FUNasv324	0.00022983	0.000413095	0.000186705	0	8.15E-05	0.00020957	0.000167001	0
FUNasv326	0.000634768	0.00020081	4.08E-05	0	0	0	0	0
FUNasv328	0.000251718	0.000332771	0.0006418	0.000132285	0	2.33E-05	0	0
FUNasv330	0	0	2.33E-05	8.82E-05	0	0	0	0
FUNasv332	0.00022983	0	0.00038508	0	0	0	0	0
FUNasv335	0.000196997	0.00044752	0.000350073	0	0	0	0	0
FUNasv336	0	0	0.000361742	0	0	0	0	0
FUNasv338	0.000175108	8.03E-05	0.000198374	0.000143309	0	0	0	0
FUNasv339	0.000196997	0.00020081	8.17E-05	0	0	0	0	0
FUNasv340	0	3.44E-05	2.92E-05	8.82E-05	0	0	0	0
FUNasv344	0.000120387	0	0.000105022	0	0.000122259	0	0.000844827	0.000524259
FUNasv345	0	1.15E-05	0.00012836	0.000518118	0	0	0	0
FUNasv346	7.66E-05	0.000114749	5.25E-05	0	0	0	0	0
FUNasv348	0.000109443	0.000114749	0.000145864	0.000143309	0	0	0	0
FUNasv349	0.000218885	0.000229497	0.000245051	0	0	0	0	0
FUNasv350	0	9.75E-05	5.83E-05	0	0	0.000617068	0	0
FUNasv354	0	2.29E-05	0.000239216	0.000297642	0	0	0	0
FUNasv358	8.76E-05	7.46E-05	7.58E-05	4.41E-05	0	2.33E-05	0	0
FUNasv359	8.76E-05	4.59E-05	0.000215878	0.000121262	0	0	0	0
FUNasv360	0.000120387	0.000120486	0.000145864	0	0	0	0	0
FUNasv362	2.19E-05	0	3.50E-05	0	0.000163012	0.000104785	0	9.53E-05
FUNasv363	0	0.00020081	0.000175036	0.000330713	0	0	0	0
FUNasv368	5.47E-05	6.31E-05	9.34E-05	4.41E-05	3.06E-05	0	4.91E-05	0
FUNasv369	0	8.61E-05	0.000163367	0.000209452	0	0	0	0
FUNasv375	0	0.000378671	0.00012836	0.00017638	0	0	0	0
FUNasv376	9.85E-05	2.87E-05	0.000268389	0.000110238	0	0	0	0
FUNasv377	8.76E-05	0.000103274	0.000145864	7.72E-05	0	2.33E-05	0	6.35E-05
FUNasv379	5.47E-05	3.44E-05	3.50E-05	0	0.000203766	0.000267784	1.96E-05	0.000111206
FUNasv381	0	9.75E-05	0.000110856	0	0	0	0	0
FUNasv382	0	2.87E-05	5.83E-05	0.000341737	0	0	0	0
FUNasv384	0	0.000344246	8.75E-05	0	0	0	0	0
FUNasv385	0	0.000154911	0.000373411	0.000374808	0	0	0	0
FUNasv388	0	0	0.00012836	0.000253547	0	0	0	0
FUNasv389	0.00015322	0.000218022	9.34E-05	0	0	0	0	0
FUNasv391	0	9.18E-05	0.000175036	0	0	0	0.000117883	0
FUNasv392	0	0	0.000145864	0.000231499	0	0	0	9.53E-05
FUNasv393	0	0	4.08E-05	0.000110238	0	0	0.000402766	0
FUNasv396	0	0	0.000163367	0.000551189	0	0	0	0
FUNasv399	6.57E-05	5.16E-05	0.000110856	0.000165357	0	0	0	0
FUNasv400	0	4.59E-05	9.34E-05	0.000143309	0	6.99E-05	0.000255413	0
FUNasv402	0	2.87E-05	2.92E-05	6.61E-05	0	0	0.00013753	0
FUNasv404	0	0.000154911	0.000145864	0	5.09E-05	0	0	0
FUNasv407	9.85E-05	0.000143436	9.92E-05	0	0	0	0	0
FUNasv415	0.000175108	0.000154911	1.75E-05	0	5.09E-05	0	4.91E-05	0
FUNasv416	0	0.000258184	0.000262554	0	0	0	0	0
FUNasv417	4.38E-05	4.59E-05	4.67E-05	0.000187404	0	0	0	0
FUNasv419	0.000186053	9.75E-05	0.000122525	0	0	0	0	0
FUNasv420	0	0	7.58E-05	0	0.000122259	0.000360927	0	0.00014298
FUNasv422	0	6.31E-05	8.17E-05	8.82E-05	0	0	0	0
FUNasv423	0	0	0.000215878	0	0	6.99E-05	0	0
FUNasv424	0	5.16E-05	8.17E-05	0	5.09E-05	0	0	0
FUNasv428	0.000196997	0.000131961	2.92E-05	0	0	0	0	0
FUNasv429	0.000186053	9.18E-05	4.67E-05	0	0	0	0	0
FUNasv432	0	0	9.34E-05	0	0	0	0	0
FUNasv434	0	6.88E-05	5.25E-05	2.20E-05	2.04E-05	0	0	0
FUNasv435	0	0	2.33E-05	9.92E-05	0	0	0	0
FUNasv436	0	0	4.08E-05	0.00017638	0	0	0	0
FUNasv440	8.76E-05	0.00020081	2.33E-05	0	0	0	0	0
FUNasv444	0	0	4.67E-05	0	8.15E-05	0.000174642	5.89E-05	0
FUNasv446	0	0	5.25E-05	0.000165357	0	0	6.88E-05	0
FUNasv450	7.66E-05	0.000160648	1.75E-05	0	4.08E-05	0	0	0
FUNasv451	8.76E-05	0.000195073	5.25E-05	0	0	0	7.86E-05	0
FUNasv452	3.28E-05	0	0.000105022	7.72E-05	0	4.66E-05	0	0
FUNasv459	0	0	6.42E-05	4.41E-05	0	0	0	0
FUNasv460	3.28E-05	0	6.42E-05	0.000143309	3.06E-05	0	0	0
FUNasv461	0	2.29E-05	5.83E-05	0	0	0	0	0
FUNasv464	9.85E-05	6.31E-05	5.83E-05	0	0	0	0	0
FUNasv465	0	0.000114749	5.83E-05	0	0	0	0	0
FUNasv466	0	0	0.000175036	0	0	0	0	0
FUNasv467	0	1.72E-05	1.75E-05	0	0	0	0	0
FUNasv468	0	5.16E-05	8.17E-05	0	0	9.31E-05	0	0
FUNasv470	0.00015322	0.000103274	9.92E-05	0.000132285	0	0	0	0
FUNasv471	3.28E-05	0	8.17E-05	0.00031969	6.11E-05	0	0	0
FUNasv476	0	4.02E-05	3.50E-05	0.000110238	0	0	0	0
FUNasv478	0.000120387	0.000120486	0.000157533	0	0	0	0	0
FUNasv480	0	0	5.25E-05	0	0.000101883	0.000116428	3.93E-05	4.77E-05
FUNasv483	0	3.44E-05	5.25E-05	0	0	0	0	0
FUNasv484	0	0	2.92E-05	0.00017638	0	0	0	0
FUNasv491	0	0	3.50E-05	0	0	2.33E-05	0	0
FUNasv492	0.000218885	0	2.92E-05	0	0	0	0	0
FUNasv493	0	0	5.83E-05	6.61E-05	0	4.66E-05	0	7.94E-05
FUNasv494	0	0	4.67E-05	0	0	0	0.000167001	0
FUNasv497	0	4.59E-05	2.33E-05	0.000132285	0	0	0	0
FUNasv499	2.19E-05	0	1.75E-05	0	0.000173201	0.000139714	0.000235766	0.000158866
FUNasv500	6.57E-05	4.02E-05	4.08E-05	0	0	0	0	0
FUNasv504	0	0	0.000134195	0	0	0	0	0
FUNasv505	0	0	0.000122525	0.000253547	0	0	0	0
FUNasv507	4.38E-05	5.74E-05	5.83E-05	4.41E-05	0	0	0	0
FUNasv512	0	4.02E-05	4.08E-05	0	0	0	0	0
FUNasv513	0	2.29E-05	2.92E-05	0	0	0	2.95E-05	0
FUNasv518	0	1.72E-05	4.08E-05	8.82E-05	0	0	0	0
FUNasv520	0	4.59E-05	2.92E-05	0	0	0	0	0
FUNasv523	0	2.87E-05	0.000169202	0	0	0	0	0
FUNasv528	0	5.74E-05	2.33E-05	0	0	0	0	0
FUNasv530	5.47E-05	2.87E-05	4.08E-05	0	0	0	0	0
FUNasv534	0	0.000109011	5.25E-05	0	0	0	5.89E-05	0
FUNasv535	0	0	2.92E-05	0	0	0.000162999	0	0
FUNasv538	0	0	6.42E-05	0	0	0	0	0
FUNasv539	0	0	2.33E-05	0.000132285	0	0	0	0
FUNasv543	0	0	5.25E-05	4.41E-05	0	0	0	0
FUNasv545	5.47E-05	2.29E-05	2.33E-05	4.41E-05	0	0	0	0
FUNasv547	0	4.59E-05	5.25E-05	0	0	0	0	0
FUNasv550	0	0	1.17E-05	0	0	0	6.88E-05	7.94E-05
FUNasv552	0	2.29E-05	1.17E-05	0	0	0	9.82E-05	0
FUNasv553	0	0	9.34E-05	0	0	0	0	0
FUNasv557	0	4.59E-05	2.92E-05	0	0	0	0	0
FUNasv558	4.38E-05	0	1.75E-05	0	0	0	0	0
FUNasv561	0	4.59E-05	4.08E-05	8.82E-05	0	0	0	0
FUNasv562	0	0	6.42E-05	0.000143309	0	0	0	0
FUNasv566	0	0	5.83E-05	0	0	0	0	0
FUNasv571	0	8.03E-05	2.33E-05	0	0	0	0	0
FUNasv574	0	5.74E-05	2.33E-05	0	0	0	0	0
FUNasv575	0	4.59E-05	3.50E-05	0	0	0	8.84E-05	0
FUNasv576	0	0	8.17E-05	0	0	0	0	0
FUNasv589	0.000131331	0	5.83E-05	0	0	0	0	0
FUNasv593	0	0	7.00E-05	0	0	0	0	0
FUNasv594	0	4.02E-05	4.08E-05	5.51E-05	0	0	0	0
FUNasv595	0	0	2.92E-05	0.000132285	0	0	0	0
FUNasv601	0	0	2.33E-05	0	0	0	0	0
FUNasv605	0	6.31E-05	1.75E-05	0	0	0	0	0
FUNasv607	0	0	6.42E-05	0	0	0	0	0
FUNasv608	0	0	6.42E-05	0	0	0	0	0
FUNasv609	0	0	6.42E-05	0	0	0	0	0
FUNasv620	0	2.87E-05	2.92E-05	0	0	0	0	0
FUNasv621	0	0	5.83E-05	0	4.08E-05	0	0	0
FUNasv622	0	0	5.83E-05	0	0	0	0	0
FUNasv624	0	0	3.50E-05	0	0	5.82E-05	0	0
FUNasv637	0	0	5.25E-05	0	0	0	0	0
FUNasv638	0	0	5.25E-05	0	0	0	0	0
FUNasv639	0	0	5.25E-05	0	0	0	0	0
FUNasv640	0	0	5.25E-05	0	0	0	0	0
FUNasv658	0	4.59E-05	1.17E-05	0	0	0	0	0
FUNasv659	0	0	4.67E-05	0	0	0	0	0
FUNasv660	0	0	4.67E-05	0	0	0	0	0
FUNasv675	0	1.72E-05	2.33E-05	0	0	0	0	0
FUNasv676	0	1.15E-05	2.92E-05	0	0	0	0	0
FUNasv677	0	0	4.08E-05	0	0	0	0	0
FUNasv678	0	0	4.08E-05	0	0	0	0	0
FUNasv679	0	0	4.08E-05	0	0	0	0	0
FUNasv692	0	0	3.50E-05	0	0	0	0	0
FUNasv693	0	0	1.17E-05	4.41E-05	0	0	0	0
FUNasv694	0	0	2.92E-05	6.61E-05	0	0	0	0
FUNasv713	0	0	2.92E-05	0	0	0	0	0
FUNasv714	0	0	2.92E-05	0	0	0	0	0
FUNasv715	0	0	2.92E-05	4.41E-05	0	0	0	0
FUNasv719	0	0	1.17E-05	3.31E-05	0	0	0	3.18E-05
FUNasv740	0	1.15E-05	1.17E-05	0	0	0	0	0
FUNasv741	0	0	2.33E-05	0	0	0	0	0
FUNasv742	0	0	2.33E-05	0	0	0	0	0
FUNasv743	0	0	2.33E-05	0	0	0	0	0
FUNasv767	0	0	1.75E-05	0	0	0	0	0
FUNasv768	0	0	1.75E-05	0	0	0	0	0
FUNasv784	0	0	1.17E-05	0	0	0	0	0
FUNasv785	0	0	1.17E-05	0	0	0	0	0
ProASV5	0	0	0.002941176	0	0	0	0	0
ProASV11	0	0.001764706	0.001764706	0.001176471	0.024117647	0.072352941	0	0.030588235
ProASV16	0.002352941	0.038235294	0.002352941	0.01	0.067647059	0.08	0.082941176	0.06
ProASV19	0	0	0.000588235	0	0.003529412	0	0	0
ProASV26	0.021176471	0.038823529	0.02	0.096470588	0.051176471	0.044705882	0.018235294	0.005882353
ProASV28	0.011764706	0.01	0.026470588	0.025294118	0.031764706	0.004705882	0.008823529	0.008235294
ProASV31	0.002941176	0.008235294	0.002352941	0	0	0.003529412	0	0
ProASV32	0.008823529	0.021764706	0.016470588	0.021176471	0.008823529	0.064117647	0.004705882	0.019411765
ProASV35	0.004117647	0.010588235	0.020588235	0.024705882	0.018235294	0.022352941	0.002941176	0.004705882
ProASV36	0	0	0.001764706	0	0	0	0	0
ProASV41	0	0	0.005294118	0	0	0	0.011176471	0
ProASV42	0.004705882	0	0.007647059	0.004705882	0.017058824	0.038823529	0.000588235	0.022352941
ProASV45	0	0.006470588	0.006470588	0.011764706	0.000588235	0.002352941	0.020588235	0.003529412
ProASV47	0.001764706	0.004705882	0.002941176	0.04	0.001176471	0	0	0.002941176
ProASV49	0	0	0.003529412	0	0	0	0	0
ProASV52	0	0.006470588	0.004117647	0.01	0	0.002941176	0.002352941	0
ProASV53	0	0.001764706	0.001176471	0.002352941	0	0	0.009411765	0
ProASV56	0.005294118	0.005882353	0.003529412	0.005294118	0.008823529	0.003529412	0.002352941	0.003529412
ProASV58	0	0	0.000588235	0	0	0	0.000588235	0.000588235
ProASV62	0	0.009411765	0.005294118	0	0.000588235	0.018235294	0	0
ProASV64	0	0	0.009411765	0	0	0	0	0
ProASV66	0.005882353	0.004117647	0.012941176	0.011764706	0.008235294	0.020588235	0	0.001764706
ProASV67	0.019411765	0.006470588	0.004117647	0.005882353	0	0	0.005882353	0
ProASV68	0	0	0.008823529	0	0	0	0	0
ProASV69	0	0	0.001764706	0	0	0	0	0
ProASV72	0.004117647	0.003529412	0.008235294	0	0.007058824	0.003529412	0.008823529	0.007058824
ProASV82	0	0	0.000588235	0	0	0	0	0
ProASV88	0.000588235	0.001764706	0.001176471	0	0.003529412	0	0	0.001176471
ProASV90	0.009411765	0.007058824	0.019411765	0.011176471	0.006470588	0.004705882	0.008235294	0
ProASV93	0.000588235	0	0.000588235	0	0	0.003529412	0	0.002352941
ProASV94	0	0.002352941	0.002941176	0.001764706	0	0	0	0
ProASV95	0.001176471	0.000588235	0.002941176	0	0	0.006470588	0	0
ProASV100	0.001764706	0	0.002352941	0	0	0	0.001176471	0.000588235
ProASV101	0.051764706	0.018235294	0.106470588	0.027058824	0.021764706	0.012352941	0.007058824	0.004705882
ProASV108	0.000588235	0.001176471	0.002941176	0	0.001764706	0	0.001764706	0
ProASV110	0	0	0.003529412	0	0	0	0	0
ProASV113	0.007647059	0.004705882	0.003529412	0.001764706	0.047647059	0.005294118	0	0.002352941
ProASV114	0	0	0.001176471	0	0	0	0	0
ProASV116	0.001764706	0.000588235	0.003529412	0.006470588	0.001176471	0.007058824	0	0.004705882
ProASV117	0	0	0.001176471	0	0	0	0	0
ProASV120	0	0	0.001764706	0	0	0	0	0
ProASV121	0.002352941	0.000588235	0.002352941	0.001176471	0.006470588	0	0.003529412	0.001176471
ProASV122	0.004705882	0.003529412	0.008235294	0.004117647	0.000588235	0	0.007647059	0.003529412
ProASV123	0.007058824	0.008235294	0.004705882	0.000588235	0.000588235	0	0.005294118	0
ProASV124	0.002352941	0.002941176	0.000588235	0.000588235	0.009411765	0.008235294	0	0.001764706
ProASV131	0.004705882	0.004705882	0.009411765	0.011764706	0.001764706	0.001176471	0.001764706	0.007647059
ProASV135	0	0	0.001176471	0	0	0	0	0
ProASV136	0	0	0.001176471	0	0	0	0	0
ProASV138	0.007058824	0.006470588	0.024705882	0.003529412	0	0.002941176	0	0.001176471
ProASV144	0.011764706	0.020588235	0.007647059	0.011764706	0.004117647	0.001764706	0.018823529	0.008235294
ProASV145	0	0	0.001176471	0	0	0	0	0
ProASV146	0	0	0.001176471	0	0	0	0	0
ProASV153	0	0	0.001764706	0	0	0	0	0
ProASV163	0	0	0.001176471	0	0	0	0	0
ProASV164	0.03	0.034117647	0.022941176	0.030588235	0.020588235	0.016470588	0.012941176	0.03
ProASV171	0.001764706	0.000588235	0.004117647	0	0	0.001764706	0	0
ProASV177	0.002941176	0	0.001176471	0.000588235	0	0	0	0.000588235
ProASV179	0.001176471	0.003529412	0.001176471	0.002941176	0	0	0	0
ProASV183	0	0	0.001764706	0	0	0	0	0
ProASV190	0.017058824	0.006470588	0.005882353	0.01	0.002941176	0	0	0.001764706
ProASV193	0.007058824	0.011176471	0.007058824	0.006470588	0	0.002352941	0.002352941	0.002941176
ProASV201	0.004705882	0.002941176	0.003529412	0.005294118	0.000588235	0	0.001176471	0.001176471
ProASV203	0.008823529	0.004705882	0.002941176	0.003529412	0	0	0.007058824	0
ProASV205	0.004705882	0.003529412	0.002941176	0.002352941	0.003529412	0	0	0.002941176
ProASV210	0.002352941	0.001764706	0.002352941	0.005882353	0.001176471	0	0.008823529	0.007058824
ProASV212	0.003529412	0.006470588	0.001764706	0	0.003529412	0.000588235	0.002941176	0
ProASV216	0.003529412	0.001176471	0.001764706	0.003529412	0.000588235	0	0.001176471	0
ProASV217	0.011176471	0.007647059	0.007647059	0.007647059	0.004705882	0.000588235	0.001176471	0.001764706
ProASV218	0.004117647	0.000588235	0.001764706	0	0	0	0	0.002941176
ProASV223	0	0	0.001176471	0	0	0	0	0
ProASV228	0.011176471	0.013529412	0.003529412	0.003529412	0.002941176	0	0.016470588	0.000588235
ProASV232	0.006470588	0.004117647	0.008235294	0.009411765	0.003529412	0	0.006470588	0.004705882
ProASV233	0.028235294	0.014117647	0.017058824	0.028235294	0.005882353	0.01	0.002352941	0.008235294
ProASV234	0.011764706	0.002941176	0.002352941	0.003529412	0.004705882	0.004117647	0.004705882	0.004705882
ProASV241	0.015294118	0.011764706	0.004117647	0.026470588	0.008823529	0.003529412	0.003529412	0.021176471
ProASV242	0.042352941	0.067647059	0.045294118	0.055294118	0.039411765	0.035294118	0.071764706	0.074705882
ProASV246	0.026470588	0.021764706	0.010588235	0.028235294	0.022941176	0.002941176	0	0.045294118
ProASV247	0.014117647	0.007647059	0.003529412	0.002941176	0	0	0	0.004117647
ProASV248	0.014705882	0.014117647	0.007647059	0.009411765	0.000588235	0.005294118	0.006470588	0.009411765
ProASV253	0.133529412	0.061176471	0.052352941	0.066470588	0.014705882	0.007647059	0.008235294	0.012941176
ProASV256	0.000588235	0.003529412	0.003529412	0.001176471	0.000588235	0	0	0.000588235
Mesorhabditis	0.122222222	0.162790698	0.147727273	0.144578313	0.12	0.14	0.13	0.11
Heterocephalobus	0.066666667	0.023255814	0.034090909	0.024096386	0.06	0.05	0	0.05
Acrolobus	0.022222222	0.034883721	0.034090909	0.024096386	0.03	0.03	0.05	0.04
Rhabdolaimus	0.022222222	0.011627907	0.011363636	0.048192771	0.04	0.04	0.04	0.04
Filenchus	0.033333333	0.034883721	0.034090909	0.048192771	0.03	0.03	0.03	0.04
Ditylenchus	0.033333333	0.034883721	0.034090909	0	0.04	0.04	0.03	0
Aphelenchus	0.133333333	0.11627907	0.159090909	0.072289157	0.11	0.09	0.14	0.08
Aphelenchoides	0.011111111	0.023255814	0.034090909	0.096385542	0.02	0.04	0.03	0.05
Tripyla	0.033333333	0.023255814	0.011363636	0	0.03	0.02	0.01	0
Klarkus	0.022222222	0.011627907	0.022727273	0.024096386	0.02	0	0.02	0.03
Mesodorylaimus	0	0.023255814	0.034090909	0.072289157	0	0.02	0.03	0.04
Thonus	0.044444444	0.058139535	0.034090909	0.072289157	0.04	0.05	0.03	0.04
Eudorylaimus	0.022222222	0.011627907	0.034090909	0	0.02	0.01	0.03	0
Epidorylaimus	0.011111111	0.011627907	0.011363636	0.096385542	0.01	0.01	0	0.05
Microdorylaimus	0.022222222	0	0.022727273	0.048192771	0.02	0.03	0.03	0.04
Aporcelaimellus	0.022222222	0.023255814	0.022727273	0.024096386	0.02	0	0.02	0.02
