nodes_id	within_module_connectivities	among_module_connectivities	degree	modularity
BACasv1	0.977147230100159	0	47	3
BACasv1005	-2.17415258697285	0.444444444444444	12	3
BACasv1006	0.298541775937281	0.278698979591837	56	1
BACasv101	0.830575145585135	0	45	3
BACasv1023	-1.9729877525297	0.530108339632149	63	2
BACasv1024	0.298541775937281	0.278698979591837	56	1
BACasv1025	-1.85448856875326	0.53416955017301	68	1
BACasv104	0.425844208340889	0.0940023068050749	102	2
BACasv1041	0.298541775937281	0.278698979591837	56	1
BACasv1042	0.298541775937281	0.278698979591837	56	1
BACasv107	0.35315233073875	0.143274578188331	103	2
BACasv108	0.35315233073875	0.0962	100	2
BACasv109	0.752957657550514	0.417148919753086	144	2
BACasv116	0.977147230100159	0	47	3
BACasv119	0.861995473953723	0.190405804891158	122	2
BACasv125	0.462190147141958	0.376960753921508	127	2
BACasv126	-2.24743862923036	0	3	3
BACasv131	0.534882024744097	0.391429702074736	133	2
BACasv132	0.971033290356931	0.32530612244898	140	2
BACasv133	0.171422636733402	0.261302954788181	106	2
BACasv135	-1.2214340376252	0	17	3
BACasv137	-1.24606897650831	0.535693039857228	82	2
BACasv14	1.19700535687269	0	50	3
BACasv141	-2.17415258697285	0.244897959183674	28	3
BACasv142	-1.76477897105782	0.534285714285714	70	1
BACasv143	0.097714723010016	0	35	3
BACasv147	0.389498269539819	0.0941084207430644	101	2
BACasv149	0.317572849782552	0.3648	50	3
BACasv150	-1.07486195311017	0.423076923076923	26	3
BACasv152	1.10592815519623	0.546220958729536	101	1
BACasv155	1.12371931461518	0	49	3
BACasv157	-0.342001530535055	0.663675692997917	79	3
BACasv16	0.903861187842647	0.181468665897732	51	3
BACasv162	-0.855003826337639	0.0831758034026465	23	3
BACasv164	0.977147230100159	0.0407986111111112	48	3
BACasv166	0.425844208340889	0.0395877971635548	99	2
BACasv167	0.464144934297576	0	40	3
BACasv168	-1.51457820665525	0.525519848771267	23	3
BACasv169	0.752957657550514	0.368053705578347	137	2
BACasv17	1.12371931461518	0	49	3
BACasv170	-2.15471744653505	0.33425160697888	33	2
BACasv171	0.898341412754792	0.24006448012896	127	2
BACasv177	0.977147230100159	0	47	3
BACasv179	0.830575145585135	0	45	3
BACasv180	0.0244286807525041	0.0555102040816327	35	3
BACasv181	-1.71856618092221	0.451843043995244	58	2
BACasv183	-2.15471744653505	0.185493460166469	29	2
BACasv184	0.464144934297576	0	40	3
BACasv185	1.05043327235767	0	48	3
BACasv19	0.977147230100159	0.176775147928994	52	3
BACasv191	1.41686348364523	0	53	3
BACasv196	0.830575145585135	0	45	3
BACasv202	0.35315233073875	0.143274578188331	103	2
BACasv203	-0.0488573615050078	0.586945522010457	77	3
BACasv204	-0.781717784080127	0	23	3
BACasv206	-1.14814799536769	0.657551020408163	70	3
BACasv208	1.41686348364523	0	53	3
BACasv209	0.789303596351584	0.0862563775510204	112	2
BACasv21	0.425844208340889	0.0201999167013744	98	2
BACasv210	0.31680639193768	0.292243767313019	114	2
BACasv211	1.49014952590274	0	54	3
BACasv216	0.752957657550514	0.0185169010393921	107	2
BACasv217	1.49014952590274	0.100954139735303	57	3
BACasv220	0.31680639193768	0.34669762994331	121	2
BACasv224	0.934687351555862	0.0176977040816326	112	2
BACasv225	0.971033290356931	0.32530612244898	140	2
BACasv226	-0.635145699565103	0.286666666666667	30	3
BACasv228	0.752957657550514	0.417148919753086	144	2
BACasv229	-0.855003826337639	0.392623438429506	82	3
BACasv233	0.0244286807525041	0.411045722046175	47	3
BACasv239	1.27029139913021	0	51	3
BACasv241	-0.342001530535055	0.461451247165533	42	3
BACasv242	-0.12214340376252	0.529177295918367	112	3
BACasv243	0.390858892040064	0	39	3
BACasv246	0.571227963545167	0.0382693939108304	103	2
BACasv247	0	0	1	4
BACasv248	0.898341412754792	0.338284767869158	139	2
BACasv249	0.464144934297576	0.203456790123457	45	3
BACasv25	1.11641704556121	0.159464318928638	127	2
BACasv254	0.752957657550514	0.376391514387734	138	2
BACasv256	1.12371931461518	0	49	3
BACasv257	-1.80772237568529	0.42603550295858	13	3
BACasv259	0.684003061070111	0	43	3
BACasv26	0.571227963545167	0	101	2
BACasv262	0.207768575534472	0.21875	104	2
BACasv263	0.971033290356931	0.31302727602091	139	2
BACasv273	0.317572849782552	0.095	40	3
BACasv274	0.971033290356931	0.31302727602091	139	2
BACasv275	0.934687351555862	0.0176977040816326	112	2
BACasv278	1.05043327235767	0.0399833402748855	49	3
BACasv279	0.35315233073875	0.143274578188331	103	2
BACasv280	0.389498269539819	0.0941084207430644	101	2
BACasv282	0.752957657550514	0.368053705578347	137	2
BACasv283	0.903861187842647	0	46	3
BACasv286	0.830575145585135	0	45	3
BACasv289	0.35315233073875	0.127835447904652	102	2
BACasv29	-0.882609588497613	0.522053353172494	97	2
BACasv290	-0.342001530535055	0.601662887377173	63	3
BACasv293	-1.64587430332007	0.432396694214876	55	2
BACasv298	0.537430976555088	0	41	3
BACasv302	0.830575145585135	0.297520661157025	55	3
BACasv303	0.425844208340889	0.0395877971635548	99	2
BACasv304	0.298541775937281	0.278698979591837	56	1
BACasv310	0.317572849782552	0.095	40	3
BACasv312	-0.918955527298683	0.360618014464168	78	2
BACasv313	0.35315233073875	0.127835447904652	102	2
BACasv315	-1.85448856875326	0.53416955017301	68	1
BACasv32	1.27029139913021	0	51	3
BACasv322	-1.51457820665525	0.421849648458626	43	3
BACasv327	0.35315233073875	0.143274578188331	103	2
BACasv328	-1.73443633342778	0.602235371466141	39	3
BACasv33	-0.591842078089057	0.495377218934911	104	2
BACasv330	-0.50884460332167	0.53369140625	64	1
BACasv331	-2.02758050245783	0.444444444444444	9	3
BACasv333	0.244114514335541	0.297378459540622	111	2
BACasv334	0.898341412754792	0.221718316956412	126	2
BACasv335	1.41686348364523	0	53	3
BACasv338	-1.42779867051366	0.364263142775065	59	2
BACasv339	0.389498269539819	0.0941084207430644	101	2
BACasv341	-0.415287572792567	0	28	3
BACasv342	1.11641704556121	0.0169479143838118	117	2
BACasv343	0.934687351555862	0.0176977040816326	112	2
BACasv345	-1.20972303770724	0.494943486020226	82	2
BACasv346	-0.664533955691196	0.398985629754861	91	2
BACasv349	0.389498269539819	0.126684890187577	103	2
BACasv35	-0.561859657307591	0.526234567901235	72	3
BACasv350	0.977147230100159	0.144559784698193	51	3
BACasv352	0.684003061070111	0	43	3
BACasv353	0.389498269539819	0.0941084207430644	101	2
BACasv354	1.12371931461518	0	49	3
BACasv355	0.757289103327623	0	44	3
BACasv362	-0.0488573615050078	0.375	44	3
BACasv364	-0.268715488277543	0.491493383742911	69	3
BACasv368	-1.31876085411045	0.262187871581451	58	2
BACasv370	-1.51457820665525	0.380622837370242	17	3
BACasv371	-1.20972303770724	0.494943486020226	82	2
BACasv375	0.35315233073875	0.143274578188331	103	2
BACasv376	1.15276298436228	0.0643398674953897	121	2
BACasv378	0.789303596351584	0.384990694633067	141	2
BACasv380	-1.73443633342778	0.444444444444444	15	3
BACasv383	0.830575145585135	0.14993752603082	49	3
BACasv390	0.317572849782552	0.39677047289504	51	3
BACasv391	0.898341412754792	0.338284767869158	139	2
BACasv392	0.789303596351584	0.415029726516052	145	2
BACasv393	0.498536085943028	0.396130761610629	131	2
BACasv4	0.171422636733402	0.14993752603082	98	2
BACasv40	-0.195429446020032	0.416322314049587	44	3
BACasv402	-0.488573615050079	0.42603550295858	39	3
BACasv403	-1.51457820665525	0.497448979591837	28	3
BACasv404	0.752957657550514	0.0185169010393921	107	2
BACasv406	0.317572849782552	0	38	3
BACasv407	0.390858892040064	0	39	3
BACasv41	0.789303596351584	0.101339180828569	113	2
BACasv414	1.007379229158	0.066038425012784	117	2
BACasv416	-1.58535977566694	0.565988295921041	107	1
BACasv417	-1.31623098258062	0.522959183673469	84	1
BACasv418	0.425844208340889	0.0940023068050749	102	2
BACasv420	-0.635145699565103	0.0739644970414202	26	3
BACasv422	0.464144934297576	0	40	3
BACasv429	0	0	1	4
BACasv433	1.10592815519623	0.546220958729536	101	1
BACasv434	-1.44129216439773	0.646397334443982	49	3
BACasv436	1.34357744138772	0	52	3
BACasv437	1.05043327235767	0	48	3
BACasv44	0.716611718749445	0.432913198573127	145	2
BACasv441	0.298541775937281	0.278698979591837	56	1
BACasv444	-1.9729877525297	0.503395201448619	47	2
BACasv445	0.898341412754792	0.24006448012896	127	2
BACasv446	-1.2214340376252	0.635355029585799	52	3
BACasv45	-0.0488573615050078	0	33	3
BACasv453	0.389498269539819	0.126684890187577	103	2
BACasv457	0.971033290356931	0.31302727602091	139	2
BACasv458	0.971033290356931	0.32530612244898	140	2
BACasv46	-0.488573615050079	0	27	3
BACasv462	0.298541775937281	0.278698979591837	56	1
BACasv464	0.971033290356931	0.32530612244898	140	2
BACasv468	0.462190147141958	0.0580335261248898	101	2
BACasv47	-0.635145699565103	0	25	3
BACasv472	0.498536085943028	0.350592	125	2
BACasv479	-0.342001530535055	0.461451247165533	42	3
BACasv485	0.534882024744097	0.281053597909752	119	2
BACasv486	0.298541775937281	0.278698979591837	56	1
BACasv487	-1.9729877525297	0.530108339632149	63	2
BACasv488	-0.50884460332167	0.53369140625	64	1
BACasv489	-1.58535977566694	0.62552831783601	91	1
BACasv499	0.971033290356931	0.31302727602091	139	2
BACasv50	0.280460453136611	0.0790732277606547	97	2
BACasv501	-1.9729877525297	0.530108339632149	63	2
BACasv502	0.298541775937281	0.278698979591837	56	1
BACasv503	1.10592815519623	0.546220958729536	101	1
BACasv508	0.607573902346236	0.276757052113927	121	2
BACasv509	-1.76477897105782	0.534285714285714	70	1
BACasv51	-0.268715488277543	0.207612456747405	34	3
BACasv510	0.425844208340889	0.0940023068050749	102	2
BACasv513	-1.00157591085266	0.516975308641975	36	3
BACasv518	0.898341412754792	0.24006448012896	127	2
BACasv52	-0.635145699565103	0.398502596304794	91	3
BACasv521	-0.918955527298683	0.398869720404521	82	2
BACasv526	-0.268715488277543	0	30	3
BACasv527	-0.195429446020032	0.11386593204775	33	3
BACasv528	0.977147230100159	0.0407986111111112	48	3
BACasv53	-0.855003826337639	0.51038062283737	68	3
BACasv530	-0.918955527298683	0.398869720404521	82	2
BACasv534	0.607573902346236	0.276757052113927	121	2
BACasv535	-0.12214340376252	0.342653182629387	41	3
BACasv536	-1.31876085411045	0.262187871581451	58	2
BACasv537	-0.0488573615050078	0	33	3
BACasv538	1.10592815519623	0.546220958729536	101	1
BACasv539	-0.918955527298683	0.398869720404521	82	2
BACasv54	0.830575145585135	0	45	3
BACasv545	-0.268715488277543	0.165289256198347	33	3
BACasv551	0.898341412754792	0.24006448012896	127	2
BACasv553	-0.664533955691196	0.398985629754861	91	2
BACasv555	-0.918955527298683	0.398869720404521	82	2
BACasv557	0.097714723010016	0	35	3
BACasv566	0.35315233073875	0.127835447904652	102	2
BACasv57	0.31680639193768	0.341137604136742	118	2
BACasv58	0.757289103327623	0	44	3
BACasv585	-0.195429446020032	0.160899653979239	34	3
BACasv590	0.35315233073875	0.143274578188331	103	2
BACasv592	-0.664533955691196	0.398985629754861	91	2
BACasv593	1.10592815519623	0.546220958729536	101	1
BACasv594	-0.700879894492266	0.214044444444444	75	2
BACasv595	-0.0488573615050078	0.155864197530864	36	3
BACasv6	-0.488573615050079	0.459183673469388	42	3
BACasv60	0.684003061070111	0	43	3
BACasv603	-0.268715488277543	0	30	3
BACasv605	-0.855003826337639	0.0831758034026465	23	3
BACasv607	1.10592815519623	0.546220958729536	101	1
BACasv614	-0.561859657307591	0.430251124981855	83	3
BACasv615	0.298541775937281	0.278698979591837	56	1
BACasv616	0.097714723010016	0	35	3
BACasv617	-0.664533955691196	0.398985629754861	91	2
BACasv618	1.11641704556121	0.0169479143838118	117	2
BACasv619	-2.03390776414413	0.633149678604224	66	1
BACasv628	-1.51457820665525	0	13	3
BACasv63	0.752957657550514	0.086681275870465	111	2
BACasv632	-1.51457820665525	0	13	3
BACasv639	0.898341412754792	0.24006448012896	127	2
BACasv64	1.56343556816025	0	55	3
BACasv641	-1.20972303770724	0.32177734375	64	2
BACasv651	0.35315233073875	0.143274578188331	103	2
BACasv655	0.534882024744097	0.281053597909752	119	2
BACasv658	0.298541775937281	0.278698979591837	56	1
BACasv659	-1.73443633342778	0.5248	25	3
BACasv661	1.10592815519623	0.546220958729536	101	1
BACasv662	-1.51457820665525	0.421849648458626	43	3
BACasv663	-1.85448856875326	0.53416955017301	68	1
BACasv668	-1.00157591085266	0.090702947845805	21	3
BACasv67	0.171000765267528	0.375	48	3
BACasv679	-1.88100841794281	0.396694214876033	11	3
BACasv680	-1.46414460931473	0.395	60	2
BACasv684	0.317572849782552	0.095	40	3
BACasv685	-0.342001530535055	0.461451247165533	42	3
BACasv693	-0.50884460332167	0.53369140625	64	1
BACasv694	-1.42779867051366	0.364263142775065	59	2
BACasv7	0.898341412754792	0.200312174817898	124	2
BACasv70	1.12371931461518	0	49	3
BACasv702	0.298541775937281	0.278698979591837	56	1
BACasv703	-0.50884460332167	0.53369140625	64	1
BACasv704	0.298541775937281	0.278698979591837	56	1
BACasv705	1.10592815519623	0.546220958729536	101	1
BACasv717	0.298541775937281	0.278698979591837	56	1
BACasv719	-0.664533955691196	0.398985629754861	91	2
BACasv72	0.752957657550514	0.0185169010393921	107	2
BACasv720	0.898341412754792	0.338284767869158	139	2
BACasv733	-1.9729877525297	0.530108339632149	63	2
BACasv735	-1.1370311601051	0	54	2
BACasv739	1.10592815519623	0.546220958729536	101	1
BACasv74	1.19700535687269	0	50	3
BACasv758	-0.773571772094405	0.3246875	80	2
BACasv762	0.298541775937281	0.278698979591837	56	1
BACasv763	-0.664533955691196	0.398985629754861	91	2
BACasv764	0.298541775937281	0.278698979591837	56	1
BACasv765	1.10592815519623	0.546220958729536	101	1
BACasv767	1.10592815519623	0.546220958729536	101	1
BACasv775	0.298541775937281	0.278698979591837	56	1
BACasv778	0.607573902346236	0.276757052113927	121	2
BACasv779	0.389498269539819	0.126684890187577	103	2
BACasv786	0.298541775937281	0.278698979591837	56	1
BACasv79	1.11641704556121	0.135424	125	2
BACasv805	-1.20972303770724	0.0713305898491083	54	2
BACasv807	1.007379229158	0.066038425012784	117	2
BACasv81	1.12371931461518	0	49	3
BACasv812	-1.9729877525297	0.530108339632149	63	2
BACasv817	0.298541775937281	0.278698979591837	56	1
BACasv821	1.10592815519623	0.546220958729536	101	1
BACasv823	-1.31623098258062	0.522959183673469	84	1
BACasv83	0.752957657550514	0.424066587395957	145	2
BACasv833	0.298541775937281	0.278698979591837	56	1
BACasv84	1.27029139913021	0	51	3
BACasv85	0.389498269539819	0.285374554102259	116	2
BACasv850	-1.9729877525297	0.530108339632149	63	2
BACasv851	0.298541775937281	0.278698979591837	56	1
BACasv852	-1.17337709890617	0.279163517258755	63	2
BACasv853	0.298541775937281	0.278698979591837	56	1
BACasv854	0.298541775937281	0.278698979591837	56	1
BACasv855	0.298541775937281	0.278698979591837	56	1
BACasv876	-1.02799334370189	0.172335600907029	63	2
BACasv878	-2.19106338533611	0.0739644970414202	26	2
BACasv880	0.298541775937281	0.278698979591837	56	1
BACasv881	0.298541775937281	0.278698979591837	56	1
BACasv882	-1.17337709890617	0.279163517258755	63	2
BACasv883	0.298541775937281	0.278698979591837	56	1
BACasv884	-1.76477897105782	0.534285714285714	70	1
BACasv887	-1.02799334370189	0.172335600907029	63	2
BACasv91	0.24428680752504	0	37	3
BACasv912	1.10592815519623	0.546220958729536	101	1
BACasv915	-1.85448856875326	0.53416955017301	68	1
BACasv950	-1.9729877525297	0.530108339632149	63	2
BACasv951	0.298541775937281	0.278698979591837	56	1
BACasv952	0.298541775937281	0.278698979591837	56	1
BACasv953	-1.85448856875326	0.53416955017301	68	1
BACasv98	0.607573902346236	0.136859504132231	110	2
BACasv982	0.298541775937281	0.278698979591837	56	1
BACasv985	1.10592815519623	0.546220958729536	101	1
BACasv998	-2.37279307934146	0.537109375	32	2
