nodes_id	within_module_connectivities	among_module_connectivities	degree	modularity
BACasv102	0.0532318905065629	0.127066115702479	44	3
BACasv1030	0.620306396149281	0.104938271604938	54	2
BACasv1046	0.620306396149281	0.104938271604938	54	2
BACasv108	0.460035601114611	0	47	3
BACasv109	1.27364302233071	0	59	3
BACasv110	-1.77738480722965	0.42	20	3
BACasv116	0.844082946238878	0.321743310366928	79	1
BACasv119	0.799038693287984	0	52	3
BACasv121	-1.57462392868664	0.545265348595213	31	2
BACasv122	-1.44551038016688	0.442932728647014	63	2
BACasv125	1.34144364076538	0	60	3
BACasv126	-1.96196457424592	0.4928	25	2
BACasv127	0.813976718928921	0.504027777777778	120	2
BACasv128	0.256633745810587	0.0831758034026465	46	3
BACasv130	-1.18728328312736	0.463348036126864	69	2
BACasv131	0.256633745810587	0.0434567901234568	45	3
BACasv133	1.27364302233071	0	59	3
BACasv135	-1.83285102572616	0.427437641723356	42	2
BACasv136	-0.18922107369198	0.382460973370064	66	1
BACasv137	-0.692574912274858	0.207612456747405	34	3
BACasv138	-0.258108008354037	0.370447450572321	62	1
BACasv14	0.637422142252706	0.445121107266436	85	1
BACasv141	-1.83285102572616	0.533163265306122	28	2
BACasv143	-0.395881877678151	0.445821854912764	66	1
BACasv144	0.844082946238878	0.386425094645754	86	1
BACasv149	1.20584240389603	0.0333237575409365	59	3
BACasv150	-0.692574912274858	0.1171875	32	3
BACasv151	0.844082946238878	0.386425094645754	86	1
BACasv155	0.706309076914763	0.450786101202272	87	1
BACasv157	0.0532318905065629	0.249131944444444	48	3
BACasv158	-1.18728328312736	0.463348036126864	69	2
BACasv159	-0.828176149144208	0.498398006407974	53	3
BACasv16	-0.556973675405509	0.4864	50	3
BACasv162	-2.60026378686398	0.476370510396975	23	1
BACasv163	0.844082946238878	0.386425094645754	86	1
BACasv164	0.775196011576821	0.322485207100592	78	1
BACasv165	-0.258108008354037	0.469649233354337	69	1
BACasv167	-1.23497985975226	0.490580545943868	51	3
BACasv168	-1.84518542566433	0.401234567901235	18	3
BACasv169	0.934639930157333	0	54	3
BACasv17	0.775196011576821	0.343534689953533	79	1
BACasv170	-1.70958418879498	0.207612456747405	17	3
BACasv172	-0.0514472043678654	0.453317901234568	72	1
BACasv175	-1.96196457424592	0.571111111111111	30	2
BACasv177	0.568535207590649	0.4034375	80	1
BACasv179	0.912969880900935	0.3184375	80	1
BACasv180	-1.6417835703603	0.587257617728532	38	3
BACasv184	-0.0514472043678654	0.393166089965398	68	1
BACasv185	0.430761338266535	0.380886426592798	76	1
BACasv189	0.813976718928921	0.504027777777778	120	2
BACasv190	0.813976718928921	0.504027777777778	120	2
BACasv191	0.706309076914763	0.44104921579232	86	1
BACasv192	-0.963777386013557	0.231111111111111	30	3
BACasv196	0.430761338266535	0.362308254200146	74	1
BACasv197	0.29298746894242	0.46375	80	1
BACasv198	0.813976718928921	0.504027777777778	120	2
BACasv203	0.866839311722659	0	53	3
BACasv204	-2.25582911355369	0.287334593572779	23	1
BACasv206	-0.28577120166681	0	36	3
BACasv208	0.706309076914763	0.44104921579232	86	1
BACasv209	0.59563683798396	0	49	3
BACasv21	-0.0823693463627864	0	39	3
BACasv210	1.34144364076538	0	60	3
BACasv211	0.981856815562992	0.318244170096022	81	1
BACasv217	-0.217970583232136	0.470025510204082	56	3
BACasv218	0.620306396149281	0.104938271604938	54	2
BACasv220	1.61264611450408	0.0302958579881657	65	3
BACasv226	-2.32471604821575	0.4032	25	1
BACasv227	0.29298746894242	0.399644444444444	75	1
BACasv228	1.27364302233071	0	59	3
BACasv229	1.27364302233071	0	59	3
BACasv232	-0.18922107369198	0.35888671875	64	1
BACasv233	1.27364302233071	0	59	3
BACasv239	0.706309076914763	0.44104921579232	86	1
BACasv241	0.0532318905065629	0.197542533081285	46	3
BACasv242	1.61264611450408	0	64	3
BACasv243	0.0174397302941918	0.411428571428571	70	1
BACasv245	-0.150169964797461	0.095	40	3
BACasv249	-0.760375530709533	0.494328922495274	46	3
BACasv25	0.731238074853309	0	51	3
BACasv250	-0.18922107369198	0.382460973370064	66	1
BACasv254	1.20584240389603	0	58	3
BACasv255	0.844082946238878	0.386425094645754	86	1
BACasv256	0.981856815562992	0.443289224952741	92	1
BACasv258	0.499648272928592	0.40217913795866	79	1
BACasv259	-0.0514472043678654	0.390287369124527	67	1
BACasv262	0.866839311722659	0	53	3
BACasv264	-0.258108008354037	0.469649233354337	69	1
BACasv269	0.620306396149281	0.104938271604938	54	2
BACasv27	0.866839311722659	0	53	3
BACasv272	-0.624774293840184	0.457465277777778	48	3
BACasv273	0.392234982679936	0	46	3
BACasv277	-0.0514472043678654	0.33837890625	64	1
BACasv278	0.775196011576821	0.322485207100592	78	1
BACasv282	0.934639930157333	0	54	3
BACasv283	0.775196011576821	0.384380897082305	83	1
BACasv286	-0.556973675405509	0.410864197530864	45	3
BACasv29	-0.353571820101485	0.145429362880886	38	3
BACasv290	0.0532318905065629	0	41	3
BACasv296	0.844082946238878	0.386425094645754	86	1
BACasv297	0.844082946238878	0.386425094645754	86	1
BACasv298	-1.23497985975226	0.473991997537704	57	3
BACasv302	1.27364302233071	0.0920915712799167	62	3
BACasv308	0.844082946238878	0.386425094645754	86	1
BACasv309	-1.89740779998604	0.574401664932362	31	2
BACasv310	0.392234982679936	0	46	3
BACasv312	1.13804178546136	0	57	3
BACasv317	-0.28577120166681	0.559444444444444	60	3
BACasv32	0.430761338266535	0.375466666666667	75	1
BACasv322	-2.04858728096835	0.378698224852071	13	3
BACasv329	0.620306396149281	0.104938271604938	54	2
BACasv33	0.527836219549286	0	48	3
BACasv333	1.13804178546136	0	57	3
BACasv334	1.07024116702668	0	56	3
BACasv335	0.706309076914763	0.44104921579232	86	1
BACasv34	0.844082946238878	0.386425094645754	86	1
BACasv340	-1.96196457424592	0.152777777777778	12	2
BACasv341	-2.32471604821575	0.4032	25	1
BACasv347	-1.7037374772064	0.439508506616257	46	2
BACasv35	-0.353571820101485	0.102264426588751	37	3
BACasv350	0.392234982679936	0.273719008264463	55	3
BACasv352	0.844082946238878	0.390873015873016	84	1
BACasv354	0.706309076914763	0.345825115055884	78	1
BACasv355	1.18851761954916	0.32083044982699	85	1
BACasv356	0.844082946238878	0.386425094645754	86	1
BACasv357	0.813976718928921	0.504027777777778	120	2
BACasv362	1.00244054859201	0	55	3
BACasv363	0.813976718928921	0.504027777777778	120	2
BACasv364	0.731238074853309	0	51	3
BACasv365	-1.18728328312736	0.463348036126864	69	2
BACasv369	0.361874403604478	0.415247090571766	77	1
BACasv370	-3.08247232949838	0.486111111111111	12	1
BACasv378	0.799038693287984	0	52	3
BACasv383	0.460035601114611	0.248595041322314	55	3
BACasv384	0.297522524849881	0.114952103290296	49	2
BACasv385	-0.326994943016094	0.501091053362428	71	1
BACasv386	-1.96196457424592	0.585	20	2
BACasv387	-0.28577120166681	0.0525931336742148	37	3
BACasv390	1.20584240389603	0	58	3
BACasv392	1.13804178546136	0	57	3
BACasv393	1.47704487763473	0	62	3
BACasv395	-0.0898181207093981	0.306538942107455	49	2
BACasv396	0.620306396149281	0.104938271604938	54	2
BACasv4	0.460035601114611	0	47	3
BACasv402	0.121032508941238	0.21875	48	3
BACasv403	-1.98078666253368	0.487534626038781	19	3
BACasv406	-1.84250750558135	0.491689750692521	38	1
BACasv407	-0.120334139029923	0.392069503230118	67	1
BACasv408	-1.912986044099	0	12	3
BACasv41	0.731238074853309	0	51	3
BACasv416	0.731238074853309	0	51	3
BACasv42	-0.963777386013557	0	26	3
BACasv420	-1.49807283227107	0.291666666666667	36	1
BACasv421	-1.63918070294652	0.574401664932362	31	2
BACasv422	0.155213599618306	0.391985717119619	71	1
BACasv424	-0.0898181207093981	0.306538942107455	49	2
BACasv434	-1.09937862288291	0	24	3
BACasv435	-0.0514472043678654	0.374196510560147	66	1
BACasv436	0.637422142252706	0.286732970538563	73	1
BACasv437	0.912969880900935	0.362897372623022	83	1
BACasv44	1.27364302233071	0	59	3
BACasv443	-0.895976767578882	0	27	3
BACasv446	-1.09937862288291	0	24	3
BACasv447	0.844082946238878	0.386425094645754	86	1
BACasv448	0.297522524849881	0.114952103290296	49	2
BACasv45	-0.946977354974609	0.3904	50	1
BACasv467	0.620306396149281	0.104938271604938	54	2
BACasv469	0.620306396149281	0.104938271604938	54	2
BACasv47	-0.809203485650494	0.393004115226337	54	1
BACasv472	1.00244054859201	0	55	3
BACasv478	-0.150169964797461	0.095	40	3
BACasv479	0.0532318905065629	0.197542533081285	46	3
BACasv480	0.620306396149281	0.104938271604938	54	2
BACasv481	0.813976718928921	0.504027777777778	120	2
BACasv489	-0.0145687279281117	0.129799891833423	43	3
BACasv491	-1.23497985975226	0.473991997537704	57	3
BACasv50	0.460035601114611	0	47	3
BACasv513	-1.43838171505628	0.243801652892562	22	3
BACasv52	0.59563683798396	0	49	3
BACasv526	-0.895976767578882	0.128418549346017	29	3
BACasv527	-0.692574912274858	0.1171875	32	3
BACasv528	-0.42137243853616	0.496850592088687	63	3
BACasv53	-0.963777386013557	0.185493460166469	29	3
BACasv535	0.866839311722659	0	53	3
BACasv537	-0.18922107369198	0.352229780801209	63	1
BACasv54	-0.895976767578882	0.621748178980229	62	3
BACasv544	0.620306396149281	0.104938271604938	54	2
BACasv545	-0.692574912274858	0.1171875	32	3
BACasv550	-1.63918070294652	0.516620498614959	38	2
BACasv557	0.086326664956249	0.38	70	1
BACasv558	-1.44551038016688	0.442932728647014	63	2
BACasv559	0.620306396149281	0.104938271604938	54	2
BACasv565	-1.23497985975226	0	22	3
BACasv57	1.54484549606941	0	63	3
BACasv571	-0.326994943016094	0.378936759889141	63	1
BACasv572	0.620306396149281	0.104938271604938	54	2
BACasv573	0.620306396149281	0.104938271604938	54	2
BACasv574	-0.624774293840184	0.513774104683196	66	3
BACasv584	-1.43838171505628	0.474505723204995	31	3
BACasv585	0.0532318905065629	0	41	3
BACasv586	-1.57398295192563	0	17	3
BACasv594	0.59563683798396	0	49	3
BACasv595	-1.63584670159518	0.32	35	1
BACasv6	0.256633745810587	0.0434567901234568	45	3
BACasv602	-0.624774293840184	0.513774104683196	66	3
BACasv603	-0.895976767578882	0.128418549346017	29	3
BACasv604	0.620306396149281	0.104938271604938	54	2
BACasv605	-1.43838171505628	0.3904	25	3
BACasv614	0.392234982679936	0	46	3
BACasv616	-1.70473363625724	0.263671875	32	1
BACasv619	-0.692574912274858	0	30	3
BACasv62	0.844082946238878	0.386425094645754	86	1
BACasv624	-1.36029896294695	0.342653182629387	41	1
BACasv625	-0.258108008354037	0.370447450572321	62	1
BACasv626	-1.36029896294695	0.342653182629387	41	1
BACasv627	-0.395881877678151	0.370868046224133	61	1
BACasv628	-0.412601992008798	0.390221819827976	47	2
BACasv629	0.620306396149281	0.104938271604938	54	2
BACasv63	0.663437456418635	0	50	3
BACasv630	0.297522524849881	0.114952103290296	49	2
BACasv631	0.813976718928921	0.504027777777778	120	2
BACasv632	-0.412601992008798	0.390221819827976	47	2
BACasv638	-0.556973675405509	0	32	3
BACasv64	-0.828176149144208	0.48	70	3
BACasv643	0.297522524849881	0.114952103290296	49	2
BACasv662	-2.04858728096835	0.378698224852071	13	3
BACasv667	-0.326994943016094	0.378936759889141	63	1
BACasv668	-1.57398295192563	0.4736	25	3
BACasv684	0.392234982679936	0	46	3
BACasv685	0.0532318905065629	0.197542533081285	46	3
BACasv695	-0.489173056970834	0.328375966686496	41	3
BACasv699	0.0532318905065629	0	41	3
BACasv7	1.00244054859201	0	55	3
BACasv70	0.844082946238878	0.402491349480969	85	1
BACasv711	-0.624774293840184	0.513774104683196	66	3
BACasv721	-1.77362057091929	0.283038501560874	31	1
BACasv724	0.620306396149281	0.104938271604938	54	2
BACasv74	0.637422142252706	0.411957168352171	82	1
BACasv743	-1.96196457424592	0.585	20	2
BACasv744	0.620306396149281	0.104938271604938	54	2
BACasv745	0.620306396149281	0.104938271604938	54	2
BACasv746	0.620306396149281	0.104938271604938	54	2
BACasv747	0.620306396149281	0.104938271604938	54	2
BACasv759	0.297522524849881	0.114952103290296	49	2
BACasv79	0.934639930157333	0	54	3
BACasv792	-1.912986044099	0	12	3
BACasv805	-0.624774293840184	0	31	3
BACasv81	0.637422142252706	0.334141274238227	76	1
BACasv829	0.620306396149281	0.104938271604938	54	2
BACasv83	1.34144364076538	0	60	3
BACasv84	0.430761338266535	0.389196675900277	76	1
BACasv85	1.34144364076538	0	60	3
BACasv860	0.620306396149281	0.104938271604938	54	2
BACasv861	0.297522524849881	0.114952103290296	49	2
BACasv862	0.620306396149281	0.104938271604938	54	2
BACasv863	0.620306396149281	0.104938271604938	54	2
BACasv864	0.620306396149281	0.104938271604938	54	2
BACasv894	0.620306396149281	0.104938271604938	54	2
BACasv895	0.620306396149281	0.104938271604938	54	2
BACasv896	0.620306396149281	0.104938271604938	54	2
BACasv90	0.324434364245262	0.0425330812854442	46	3
BACasv91	-1.22252509362284	0.511834319526627	52	1
BACasv922	0.620306396149281	0.104938271604938	54	2
BACasv923	0.620306396149281	0.104938271604938	54	2
BACasv924	0.620306396149281	0.104938271604938	54	2
BACasv960	0.620306396149281	0.104938271604938	54	2
BACasv961	0.620306396149281	0.104938271604938	54	2
BACasv98	0.866839311722659	0	53	3
BACasv992	0.620306396149281	0.104938271604938	54	2
