ASVID	Restore6_1	Restore6_2	Restore6_3	Restore6_4	Restore9_1	Restore9_2	Restore9_3	Restore9_4
BACasv1	0.001920898	0.001738802	0.002109224	0.00235304	0.07212455	0.078850204	0	0
BACasv4	0.003743289	0.001852202	0.006213659	0.004285894	0.07667867	0.060339487	0.00839079	0.013317191
BACasv6	0.00413732	0.008920809	0.021833314	0.01911845	0.021976276	0.02584562	0.021074541	0.015277297
BACasv7	0.001723883	0.0002646	0.000855091	0.002016891	0.005401398	0.023392393	0.003057109	0.002767209
BACasv14	0.001674629	0.003515404	0.005073538	0.007605362	0.058197416	0.079519267	0.001300898	0.000864753
BACasv16	0.042358272	0.029181629	0.050621366	0.046598597	0	0.000569942	0.035969819	0.064856451
BACasv17	0.000837315	0.001965602	0.001710181	0.002269003	0.015303961	0.011126254	0	0.000634152
BACasv19	0	0.001171801	0.00028503	0.000630279	0.029442915	0.018064676	0.000975673	0
BACasv21	0.003743289	0.003250803	0.004047429	0.001974873	0.013397585	0.018634618	0.009821777	0.017698605
BACasv25	0.004038812	0.001701002	0.001824193	0.002226984	0.020864224	0.019824061	0.015415637	0.009224029
BACasv26	0.005713441	0.003666604	0.003705393	0.004327913	0.012073713	0.012241358	0.006764668	0.013259541
BACasv29	0.002708959	0.004120204	0.002679284	0.001344594	0.007996187	0.00956511	0.003902693	0.004669664
BACasv32	0.003940304	0.001965602	0.004446471	0.003907727	0.001853421	0	0.007675296	0.008301626
BACasv33	0.009407477	0.02003402	0.034887698	0.026891886	0.006142766	0.003717012	0.008911149	0.016545601
BACasv35	0.015908979	0.013494613	0.016189716	0.009580234	0.007678458	0.008078305	0.010277091	0.013086591
BACasv40	0.000935822	0	0.001425151	0.001050464	0.009796653	0.005005576	0.00253675	0
BACasv41	0.069595626	0.111661312	0.070402463	0.108407916	0.000158865	0	0.001496032	0.003862562
BACasv44	0.01423435	0.012549613	0.020693193	0.014454389	0.000900233	0.001635485	0.005073501	0.008935778
BACasv45	0.003004482	0.001209601	0.003933417	0.003445523	0.007095954	0.006071119	0.000650449	0.001671855
BACasv46	0.000492538	0.001852202	0.003192338	0.003865709	0.001906376	0.004336513	0	0
BACasv47	0.00310299	0.006917407	0.008835937	0.009076012	0.005189578	0.006814521	0.016326265	0.011472386
BACasv50	0	0	0.001083115	0	0.008313917	0.009862471	0.003447379	0.005015566
BACasv51	0.015219426	0.01999622	0.010489112	0.008193622	0	0	0.014244829	0.013893693
BACasv52	0.004383589	0.012058212	0.000912097	0.000798353	0	0	0	0.000807103
BACasv53	0.025070187	0.016518617	0.017101813	0.010966847	0.002012286	0.003766572	0.012943931	0.012510089
BACasv54	0.002167167	0.001965602	0.004788508	0.006428842	0.011597119	0.014248544	0.002861975	0.000922403
BACasv57	0.010392553	0.006917407	0.007011743	0.008193622	0	0	0.002731885	0.004900265
BACasv58	0	0	0.000912097	0.001260557	0.005401398	0.003816132	0	0
BACasv60	0	0	0.00057006	0.00058826	0.003759797	0.004311733	0	0
BACasv63	0.031670197	0.047401247	0.032379432	0.037900752	0	0	0.003707558	0.008301626
BACasv64	0.005417919	0.003591004	0.003477369	0.00235304	0	0	0.004748276	0.006918021
BACasv67	0	0	0.00028503	0.000420186	0.002753654	0.003989592	0.001496032	0
BACasv70	0.017632862	0.011529012	0.012997378	0.014160259	0.008419826	0.004138273	0.021464811	0.023348322
BACasv72	0.002265675	0.000869401	0.001596169	0.001848817	0.005242533	0.002800149	0.00292702	0.004784965
BACasv74	0.002364183	0.003213003	0.002565272	0.002142947	0	0	0.012033303	0.013893693
BACasv79	0.002610452	0.008127008	0.009063961	0.00617673	0	0	0.001886302	0.002248357
BACasv81	0.003989558	0.003553204	0.008037852	0.006849027	0	0	0.01385456	0.011530036
BACasv83	0.004432842	0.002683803	0.009919051	0.00764738	0	0	0.000975673	0.001268304
BACasv84	0.00206866	0.001058401	0.002394254	0.001428631	0	0.000322141	0.006049174	0.00651447
BACasv85	0.005220903	0.01013041	0.004218447	0.003025337	0	0	0.000910628	0.001383604
BACasv91	0.00660001	0.002532603	0.002337248	0.001722761	0.00683118	0.008450006	0.002016391	0.000518852
BACasv98	0.006107472	0.009109809	0.004959526	0.009790327	0	0	0.001951346	0.002594258
BACasv101	0.00039403	0.0003402	0.000798085	0.000462204	0.001747511	0.001561145	0	0
BACasv104	0.007880609	0.006652807	0.005415574	0.006849027	0	0	0	0
BACasv107	0.006255233	0.005670006	0.004788508	0.00058826	0	0	0	0
BACasv108	0.006550756	0.006237006	0.006213659	0.008865919	0	0	0.001300898	0.000980053
BACasv109	0.008767177	0.006917407	0.010204082	0.010378587	0	0	0.001300898	0.003689611
BACasv116	0.004285081	0.004195804	0.004560483	0.005252322	0.002965473	0.001486805	0.014570053	0.010146431
BACasv119	0.014923903	0.024116424	0.015619656	0.01382411	0	0	0	0.001729505
BACasv125	0.015761218	0.011566812	0.018013909	0.014832556	0	0	0.006374398	0.00968523
BACasv126	0	0	0.001767187	0.001302576	0	0.001833726	0.003252244	0.001844806
BACasv131	0.001674629	0.001814402	0.002280242	0.002269003	0.000317729	0.000173461	0	0.000461201
BACasv132	0.000640299	0.0004158	0.000969103	0.001260557	0	0	0	0
BACasv133	0.012017928	0.008316008	0.006726713	0.008571789	0	0	0	0.000807103
BACasv135	0	0.001323001	0.001140121	0	0.000582504	0	0.004292962	0.005246166
BACasv137	0.003447766	0.003477603	0.006498689	0.007563343	0	0	0.004032783	0.002651908
BACasv141	0.000935822	0.000982801	0.001254133	0.001386613	0.001112053	0.001982406	0.003057109	0.002421308
BACasv142	0.000492538	0	0.000798085	0.000378167	0	0	0	0
BACasv143	0.002610452	0.003402003	0.004275453	0.007017102	0.001694556	0.002849709	0.008846104	0.016315001
BACasv147	0.005811949	0.006161406	0.002793296	0.005210303	0	0	0	0
BACasv149	0.008126878	0.006955207	0.005016532	0.004748099	0	0	0.001300898	0.007090972
BACasv150	0.001625376	0	0.000627066	0.004832136	0	0	0	0.002536608
BACasv152	0	0	0.001539163	0.001344594	0	0	0	0
BACasv155	0.00103433	0.001323001	0.000912097	0.00058826	0	0	0.002146481	0.003459011
BACasv157	0.006747771	0.005518806	0.011515221	0.009748309	0	0.0001239	0.005528815	0.008359276
BACasv162	0.008077624	0.006237006	0.006384677	0.005168284	0	0	0.006894757	0.005765018
BACasv164	0.001625376	0.002797203	0.003477369	0.002395059	0	0.000495602	0.00572395	0.004612014
BACasv166	0.004629858	0.006841807	0.002679284	0.004790117	0	0	0	0
BACasv167	0.004285081	0.001701002	0.001026109	0.000840371	0.000741368	0.000892083	0.00279693	0.002882509
BACasv168	0.008520908	0.007673408	0.016816783	0.009076012	0.000582504	0	0.012943931	0.006110919
BACasv169	0.004038812	0.005972406	0.00820887	0.010252532	0	0	0	0.000288251
BACasv170	0.002758213	0.004762805	0.006612701	0.004033783	0	0	0.004488097	0.00334371
BACasv171	0.004580604	0.003893404	0.005073538	0.004453969	0	0	0	0
BACasv177	0.005516426	0.006879607	0.005529586	0.005168284	0.000688413	0	0.008650969	0.011530036
BACasv179	0.009801507	0.008958609	0.009463003	0.01029455	0	0	0.03531937	0.018793958
BACasv180	0	0	0.001710181	0.002563133	0	0	0.001561077	0.007206272
BACasv181	0	0.0004536	0.002223236	0.001596706	0	0.000322141	0	0
BACasv183	0	0	0.001368145	0.002142947	0.002435925	0.000966423	0.009886822	0.003516661
BACasv184	0	0.000793801	0.001083115	0.000966427	0	0	0.005138546	0.007263923
BACasv185	0.001723883	0.001852202	0.002223236	0.002016891	0	0	0.003772603	0.004554364
BACasv191	0.002561198	0.001890002	0.00245126	0.001680743	0	0	0.005008456	0.006802721
BACasv196	0.001231345	0.000756001	0.000969103	0	0	0	0.003252244	0.001498905
BACasv202	0.00453135	0.004158004	0.002679284	0.002521114	0	0	0	0
BACasv203	0.003546274	0.002570403	0.004275453	0.00235304	0	0	0	0.003055459
BACasv204	0.003053736	0.001965602	0.001653175	0.000840371	0	0	0.003577468	0.001153004
BACasv206	0.000886568	0	0.001710181	0.001974873	0	0	0	0.001614205
BACasv208	0.003595528	0.001134001	0.002622278	0.000630279	0	0	0.004162872	0.005188516
BACasv209	0.00206866	0.002759403	0.002679284	0.003109374	0	0	0	0.001614205
BACasv210	0.006944786	0.006312606	0.004218447	0.005630489	0	0	0	0.000807103
BACasv211	0.001625376	0.001285201	0.001710181	0.001260557	0	0	0.012748797	0.004439064
BACasv216	0.002019406	0.002835003	0.002052218	0.00264717	0	0	0	0
BACasv217	0.002511944	0.002003402	0.004047429	0.002269003	0	0	0.002081436	0.004727315
BACasv220	0.003053736	0.002608203	0.002508266	0.001848817	0	0	0.001040718	0.001441254
BACasv224	0.00142836	0.002797203	0.001710181	0.003907727	0	0	0	0
BACasv225	0.001576122	0.001134001	0.001653175	0.002815244	0	0	0	0
BACasv226	0.004679111	0.003666604	0.005358568	0.005168284	0	0	0.007154937	0.003689611
BACasv228	0.00310299	0.002608203	0.003762399	0.00411782	0	0	0.00026018	0.000634152
BACasv229	0.004334335	0.003893404	0.003078326	0.003697634	0	0	0.00292702	0.003689611
BACasv233	0.005073142	0.003213003	0.002850302	0.00411782	0	0	0.001626122	0.004554364
BACasv239	0.00310299	0.002646003	0.001995211	0.001848817	0	0	0.004553142	0.005130866
BACasv241	0.000886568	0.000680401	0.001596169	0.003109374	0	0	0	0.003631961
BACasv242	0	0.000642601	0.000114012	0.00029413	0.002541834	0.001511585	0.001235853	0.000403551
BACasv243	0.00142836	0.002343602	0.000912097	0	0	0	0.002731885	0.002594258
BACasv246	0.001625376	0.003061803	0.000912097	0.003403504	0	0	0	0
BACasv247	0	0	0.000342036	0	0	0.000545162	0	0
BACasv248	0.002167167	0.001663202	0.003876411	0.002857263	0	0	0	0
BACasv249	0.002708959	0.001701002	0.003249344	0.00382369	0	0	0.001886302	0.005822668
BACasv254	0.005664188	0.007030807	0.009006955	0.009328123	0	0	0.000975673	0.001210654
BACasv256	0.001773137	0.002948403	0.001197127	0.001680743	0	0	0.003447379	0.00657212
BACasv257	0.001576122	0.000831601	0.002052218	0.001596706	0.000582504	0	0.003057109	0
BACasv259	0.000492538	0	0.00057006	0.000504223	0	0	0.001691167	0.001844806
BACasv262	0.00517165	0.005745606	0.004332459	0.005168284	0	0	0	0.001325954
BACasv263	0.000738807	0.001134001	0.002109224	0.002395059	0	0	0	0
BACasv273	0.003546274	0.002646003	0.003135332	0.001890836	0	0	0	0.007090972
BACasv274	0.000738807	0.002419202	0.003819405	0.004495987	0	0	0	0
BACasv275	0.001920898	0.002835003	0.002223236	0.005168284	0	0	0	0
BACasv278	0.001182091	0.002079002	0.002394254	0.001806799	0	0	0.004423052	0.00317076
BACasv279	0.005713441	0.001625402	0.000912097	0.00088239	0	0	0	0
BACasv280	0.007388071	0.011982612	0.003420363	0.004832136	0	0	0	0
BACasv282	0.003546274	0.005027405	0.00518755	0.005630489	0	0	0	0.001383604
BACasv283	0.000541792	0.001058401	0.000912097	0.001008446	0	0	0.002211526	0.003804912
BACasv286	0.003546274	0.002154602	0.003534375	0	0	0	0.001365943	0.005765018
BACasv289	0.004580604	0.003893404	0.00330635	0.00352956	0	0	0	0
BACasv290	0.003349259	0.001701002	0.003249344	0.001722761	0.000688413	0.000446041	0	0.002478958
BACasv293	0.003152244	0.000529201	0.003648387	0.002016891	0	0.000223021	0.001496032	0
BACasv298	0.002216421	0.000567001	0.000912097	0.00147065	0	0	0.001496032	0.001960106
BACasv302	0.003152244	0.001398601	0.001539163	0.001218539	0	0	0.000195135	0.002363657
BACasv303	0.002659705	0.003553204	0.002394254	0.003151393	0	0	0	0
BACasv304	0	0	0.002793296	0	0	0	0	0
BACasv310	0.003398513	0.001701002	0.002280242	0.001512669	0	0	0	0.005073216
BACasv312	0.004974634	0.003024003	0.001881199	0.003025337	0	0	0.001821257	0.002075406
BACasv313	0.002364183	0.001701002	0.001425151	0.00147065	0	0	0	0
BACasv315	0	0	0.001539163	0.002857263	0	0	0	0
BACasv322	0	0	0.002679284	0	0	0	0	0.001960106
BACasv327	0.005861203	0.005329805	0.003420363	0.001092483	0	0	0	0
BACasv328	0	0	0.002622278	0.001638724	0	0	0.001365943	0
BACasv330	0.000443284	0	0.000912097	0	0	0	0	0
BACasv331	0.000985076	0.001058401	0.000684073	0	0.000423639	0.000743402	0	0
BACasv333	0.005368665	0.003666604	0.005073538	0.006428842	0	0	0	0.000749452
BACasv334	0.001132838	0.002154602	0.001995211	0.000966427	0	0	0.00026018	0.000403551
BACasv335	0.001773137	0.000793801	0.000969103	0.000756334	0	0	0.002146481	0.002594258
BACasv338	0.002610452	0.001663202	0.00216623	0	0	0	0	0
BACasv339	0.00142836	0.001663202	0.000627066	0.000840371	0	0	0	0
BACasv341	0.005713441	0.005216405	0.005529586	0.004832136	0	0	0.00572395	0.005015566
BACasv342	0.001083584	0.004044604	0.001710181	0.001218539	0	0	0	0
BACasv343	0.001083584	0.002003402	0.001140121	0.003571579	0	0	0	0
BACasv345	0.000788061	0	0.001653175	0.001848817	0	0	0	0
BACasv346	0	0.001587602	0.001938205	0.001848817	0	0	0	0
BACasv349	0.001231345	0.002419202	0.001197127	0.000714316	0	0	0	0
BACasv350	0.003300005	0.002041202	0.002223236	0.001260557	0	0	0.001300898	0.002709558
BACasv352	0.003841797	0.003213003	0.001197127	0.003109374	0.000317729	0.000198241	0.006504488	0.006283869
BACasv353	0.002561198	0.003061803	0.001140121	0.002269003	0	0	0	0
BACasv354	0.00142836	0.001247401	0.001482157	0.00176478	0	0	0.001886302	0.002363657
BACasv355	0.00142836	0.001247401	0.000684073	0.001638724	0	0.000272581	0.002731885	0.002075406
BACasv362	0.003989558	0.002570403	0.001653175	0.001344594	0	0	0	0.002767209
BACasv364	0.002413436	0.001512002	0.000627066	0.00058826	0	0	0	0.000634152
BACasv368	0.001920898	0.001776602	0.001653175	0	0	0	0	0
BACasv370	0.001280599	0	0.001482157	0.001638724	0	0	0.001561077	0.001210654
BACasv371	0.000591046	0	0.000684073	0.001638724	0	0	0	0
BACasv375	0.001871645	0.001096201	0.000855091	0.000504223	0	0	0	0
BACasv376	0.001822391	0.002570403	0.004047429	0.00205891	0	0	0	0
BACasv378	0.001083584	0.001134001	0.00273629	0.001932854	0	0	0	0.000518852
BACasv380	0.000492538	0.000378	0.000969103	0.000714316	0	0	0.002471705	0
BACasv383	0.002955228	0.001890002	0.001710181	0.001008446	0	0	0.001235853	0.001960106
BACasv390	0.001822391	0.0004158	0.001083115	0.000672297	0	0	0	0.001729505
BACasv391	0.002610452	0.002041202	0.003477369	0.003277449	0	0	0	0
BACasv392	0.001674629	0.001587602	0.001938205	0.003361486	0	0	0	0.000518852
BACasv393	0.001773137	0.001096201	0.001596169	0.001554687	0	0	0	0.000634152
BACasv402	0.001132838	0.001360801	0.001026109	0.000756334	0	0	0	0.001153004
BACasv403	0.001920898	0.002835003	0.003249344	0.001596706	0.000264774	0	0.00266684	0.002651908
BACasv404	0.000443284	0.003628804	0.002565272	0.002184966	0	0.000247801	0	0
BACasv406	0	0.000567001	0.000969103	0.000630279	0	0	0.000910628	0.001268304
BACasv407	0	0.001096201	0.001254133	0.000672297	0	0	0.001951346	0.003459011
BACasv414	0.000640299	0.001323001	0.000969103	0.000546241	0	0	0	0
BACasv416	0.001674629	0.001058401	0.001995211	0.002311021	0	0	0	0.001614205
BACasv417	0.000738807	0	0.001995211	0.001386613	0	0	0	0
BACasv418	0.001625376	0.000945001	0.000741079	0.00147065	0	0	0	0
BACasv420	0	0.0004536	0.001026109	0.001260557	0	0	0.002276571	0.001210654
BACasv422	0.000295523	0	0.00028503	0.001302576	0	0	0.001496032	0.002017756
BACasv429	0	0	0.000171018	0	0	0.000198241	0	0
BACasv433	0	0	0.001425151	0.001386613	0	0	0	0
BACasv434	0	0	0.001026109	0.001386613	0	0	0	0.000634152
BACasv436	0.000738807	0.0004158	0.001140121	0.000462204	0	0	0.00266684	0.001902456
BACasv437	0.000738807	0.0004536	0.00057006	0.001134501	0	0	0.001756212	0.00328606
BACasv441	0	0	0.000627066	0	0	0	0	0
BACasv444	0.002314929	0	0.001881199	0.001806799	0	0	0.000780539	0
BACasv445	0.00103433	0.0004914	0.001824193	0.000798353	0	0	0	0
BACasv446	0	0	0.001824193	0.001302576	0	0	0	0.000576502
BACasv453	0.001526868	0.002494802	0.001311139	0.001218539	0	0	0	0
BACasv457	0.000591046	0.001512002	0.003078326	0.003067356	0	0	0	0
BACasv458	0.001920898	0.001587602	0.003192338	0.004243876	0	0	0	0
BACasv462	0	0	0.000171018	0	0	0	0	0
BACasv464	0.000935822	0.000907201	0.001083115	0.001260557	0	0	0	0
BACasv468	0.00142836	0.001247401	0.001197127	0.002184966	0	0	0	0
BACasv472	0.003053736	0.002608203	0.004218447	0.00264717	0	0.000173461	0.001300898	0.001960106
BACasv479	0.000640299	0.000378	0.000741079	0.000840371	0	0	0	0.001614205
BACasv485	0.00246269	0.001096201	0.00216623	0.000378167	0	0	0	0
BACasv486	0	0	0.001539163	0	0	0	0	0
BACasv487	0	0.000680401	0.001539163	0	0	0	0	0
BACasv488	0.000985076	0	0.001539163	0	0	0	0	0
BACasv489	0.001379107	0.0004536	0.001539163	0.001974873	0.000158865	0	0.000455314	0.000461201
BACasv499	0.000640299	0.000982801	0.001425151	0.001890836	0	0	0	0
BACasv501	0	0.000982801	0.001425151	0	0	0	0	0
BACasv502	0	0	0.001482157	0	0	0	0	0
BACasv503	0	0	0.001482157	0.000504223	0	0	0	0
BACasv508	0.001231345	0.000529201	0.000684073	0.000546241	0	0	0	0
BACasv509	0.001083584	0	0.001425151	0.001050464	0	0	0	0
BACasv510	0.001822391	0.000945001	0.000456048	0.001050464	0	0	0	0
BACasv513	0	0	0.001824193	0.001008446	0	0	0	0.001441254
BACasv518	0.00103433	0.000680401	0.001368145	0.000966427	0	0	0	0
BACasv521	0	0.000793801	0.001026109	0.001932854	0	0	0	0
BACasv526	0.000935822	0.000642601	0.001083115	0	0	0	0	0.001902456
BACasv527	0.000985076	0	0.001083115	0.000798353	0	0	0	0.001383604
BACasv528	0.00142836	0.001323001	0.00028503	0.000462204	0	0	0.000650449	0.002767209
BACasv530	0	0.0002268	0.000513054	0.000630279	0	0	0	0
BACasv534	0.001132838	0.000831601	0.000969103	0.000924409	0	0	0	0
BACasv535	0.001132838	0.000793801	0.000627066	0.000630279	0	0	0	0.000807103
BACasv536	0.00206866	0.000869401	0.000684073	0	0	0	0	0
BACasv537	0	0.000869401	0.00057006	0	0	0	0.000910628	0.001325954
BACasv538	0	0	0.001083115	0.000966427	0	0	0	0
BACasv539	0	0.000604801	0.000855091	0.001806799	0	0	0	0
BACasv545	0.000591046	0	0.001026109	0.000630279	0	0	0	0.002190707
BACasv551	0.00103433	0.0004158	0.001254133	0.000462204	0	0	0	0
BACasv553	0	0.0003402	0.001140121	0.000924409	0	0	0	0
BACasv555	0	0.000604801	0.000912097	0.000924409	0	0	0	0
BACasv557	0	0.000604801	0.000513054	0.000630279	0	0	0.001430987	0.001095353
BACasv566	0.003250751	0.002343602	0.002052218	0.002311021	0	0	0	0
BACasv585	0.000985076	0.000378	0.000228024	0	0	0	0	0.000461201
BACasv590	0.000788061	0.000756001	0.00057006	0.000546241	0	0	0	0
BACasv592	0	0.000189	0.001425151	0.000798353	0	0	0	0
BACasv593	0	0	0.001140121	0.000756334	0	0	0	0
BACasv594	0.000689553	0.000718201	0.00057006	0.000840371	0	0	0	0.000634152
BACasv595	0.000640299	0.0004536	0.000912097	0.001638724	0	0	0.002081436	0.000691802
BACasv603	0.000788061	0.0004914	0.001026109	0	0	0	0	0.001153004
BACasv605	0	0	0.000912097	0.000504223	0	0	0	0.001153004
BACasv607	0	0	0.000627066	0.000378167	0	0	0	0
BACasv614	0.002758213	0.001701002	0.001254133	0.000672297	0	0.000272581	0	0.000749452
BACasv615	0	0	0.001083115	0	0	0	0	0
BACasv616	0.000689553	0.000604801	0.001083115	0.000672297	0	0	0.001040718	0.000864753
BACasv617	0	0.000680401	0.000912097	0.000798353	0	0	0	0
BACasv618	0.000591046	0.000945001	0.000855091	0.000798353	0	0	0	0
BACasv619	0	0.0004158	0.001083115	0.00117652	0	0	0	0.000461201
BACasv628	0	0	0.000456048	0	0	0	0	0.001095353
BACasv632	0	0	0.000399042	0	0	0	0	0.001095353
BACasv639	0.000886568	0.000529201	0.001140121	0.000714316	0	0	0	0
BACasv641	0.000886568	0.000680401	0.001026109	0	0	0	0	0
BACasv651	0.001132838	0.000907201	0.000399042	0.000378167	0	0	0	0
BACasv655	0.000837315	0.000642601	0.000684073	0.000252111	0	0	0	0
BACasv658	0	0	0.000969103	0	0	0	0	0
BACasv659	0	0	0.000969103	0.000420186	0	0	0.000455314	0
BACasv661	0	0	0.000969103	0.000630279	0	0	0	0
BACasv662	0	0	0.000969103	0	0	0	0	0.0001153
BACasv663	0	0	0.000342036	0.000714316	0	0	0	0
BACasv668	0	0	0.000342036	0.000420186	0	0	0	0.000980053
BACasv679	0	0.000604801	0.000912097	0.000462204	0	0	0.000910628	0
BACasv680	0.000492538	0	0.000342036	0.000672297	0	0	0	0
BACasv684	0.000738807	0.0003024	0.000456048	0.000210093	0	0	0	0.000922403
BACasv685	0.000295523	0.000189	0.000399042	0.000504223	0	0	0	0.000922403
BACasv693	0.000738807	0	0.000741079	0	0	0	0	0
BACasv694	0.000738807	0.000680401	0.000684073	0	0	0	0	0
BACasv702	0	0	0.000855091	0	0	0	0	0
BACasv703	0.000246269	0	0.000855091	0	0	0	0	0
BACasv704	0	0	0.000855091	0	0	0	0	0
BACasv705	0	0	0.000855091	0.000420186	0	0	0	0
BACasv717	0	0	0.000798085	0	0	0	0	0
BACasv719	0	0.0001134	0.000627066	0.00058826	0	0	0	0
BACasv720	0.000492538	0.0001512	0.000741079	0.00058826	0	0	0	0
BACasv733	0	0.0004914	0.00057006	0	0	0	0	0
BACasv735	0	0.0004914	0.00028503	0.000462204	0	0	0	0
BACasv739	0	0	0.000741079	0.000336149	0	0	0	0
BACasv758	0	0.0004536	0.000456048	0.00029413	0	0	0	0
BACasv762	0	0	0.000684073	0	0	0	0	0
BACasv763	0	0.000189	0.000684073	0.000378167	0	0	0	0
BACasv764	0	0	0.000684073	0	0	0	0	0
BACasv765	0	0	0.000684073	0.000420186	0	0	0	0
BACasv767	0	0	0.000513054	0.000504223	0	0	0	0
BACasv775	0	0	0.000513054	0	0	0	0	0
BACasv778	0.000541792	0.0002268	0.000456048	0.000336149	0	0	0	0
BACasv779	0.000246269	0.0004158	0.000228024	0.000210093	0	0	0	0
BACasv786	0	0	0.000627066	0	0	0	0	0
BACasv805	0.000738807	0.000529201	0.000513054	0.000798353	0	0	0.000520359	0.000403551
BACasv807	0.000197015	0.000680401	0.000399042	0.000126056	0	0	0	0
BACasv812	0	0.000378	0.000513054	0	0	0	0	0
BACasv817	0	0	0.00057006	0	0	0	0	0
BACasv821	0	0	0.000456048	0.000420186	0	0	0	0
BACasv823	0.000295523	0	0.000912097	0.000798353	0	0	0	0
BACasv833	0	0	0.000342036	0	0	0	0	0
BACasv850	0	0.0003402	0.000456048	0	0	0	0	0
BACasv851	0	0	0.000513054	0	0	0	0	0
BACasv852	0.000246269	0.0002646	0.000684073	0	0	0	0	0
BACasv853	0	0	0.000513054	0	0	0	0	0
BACasv854	0	0	0.000513054	0	0	0	0	0
BACasv855	0	0	0.000513054	0	0	0	0	0
BACasv876	0	0.0003024	0.00028503	0.000336149	0	0	0	0
BACasv878	0	0.0003024	0.00028503	0	0	0	0	0
BACasv880	0	0	0.000456048	0	0	0	0	0
BACasv881	0	0	0.000456048	0	0	0	0	0
BACasv882	0.000246269	0.0002646	0.000456048	0	0	0	0	0
BACasv883	0	0	0.000456048	0	0	0	0	0
BACasv884	0.000295523	0	0.000456048	0.00029413	0	0	0	0
BACasv887	0	0.0002268	0.000114012	0.000336149	0	0	0	0
BACasv912	0	0	0.000399042	0.000252111	0	0	0	0
BACasv915	0	0	0.000228024	0.00029413	0	0	0	0
BACasv950	0	0.0002268	0.000228024	0	0	0	0	0
BACasv951	0	0	0.000342036	0	0	0	0	0
BACasv952	0	0	0.000342036	0	0	0	0	0
BACasv953	0	0	0.000171018	0.000252111	0	0	0	0
BACasv982	0	0	0.00028503	0	0	0	0	0
BACasv985	0	0	0.000228024	0.000210093	0	0	0	0
BACasv998	0.000197015	0	0.000114012	0	0	0	0	0
BACasv1005	0	7.56E-05	0.000228024	0	0	0	0.000195135	0
BACasv1006	0	0	0.000228024	0	0	0	0	0
BACasv1023	0	0.0001134	0.000114012	0	0	0	0	0
BACasv1024	0	0	0.00028503	0	0	0	0	0
BACasv1025	0	0	0.000114012	0.000126056	0	0	0	0
BACasv1041	0	0	0.000114012	0	0	0	0	0
BACasv1042	0	0	0.000114012	0	0	0	0	0
