ASVID	Restore6_1	Restore6_2	Restore6_3	Restore6_4	Restore9_1	Restore9_2	Restore9_3	Restore9_4
BACasv4	0.003743289	0.001852202	0.006213659	0.004285894	0.07667867	0.060339487	0.00839079	0.013317191
BACasv6	0.00413732	0.008920809	0.021833314	0.01911845	0.021976276	0.02584562	0.021074541	0.015277297
BACasv7	0.001723883	0.0002646	0.000855091	0.002016891	0.005401398	0.023392393	0.003057109	0.002767209
BACasv14	0.001674629	0.003515404	0.005073538	0.007605362	0.058197416	0.079519267	0.001300898	0.000864753
BACasv16	0.042358272	0.029181629	0.050621366	0.046598597	0	0.000569942	0.035969819	0.064856451
BACasv17	0.000837315	0.001965602	0.001710181	0.002269003	0.015303961	0.011126254	0	0.000634152
BACasv21	0.003743289	0.003250803	0.004047429	0.001974873	0.013397585	0.018634618	0.009821777	0.017698605
BACasv25	0.004038812	0.001701002	0.001824193	0.002226984	0.020864224	0.019824061	0.015415637	0.009224029
BACasv27	0.000837315	0	0	0.000714316	0.032884982	0.033577004	0.003837648	0.002133057
BACasv29	0.002708959	0.004120204	0.002679284	0.001344594	0.007996187	0.00956511	0.003902693	0.004669664
BACasv32	0.003940304	0.001965602	0.004446471	0.003907727	0.001853421	0	0.007675296	0.008301626
BACasv33	0.009407477	0.02003402	0.034887698	0.026891886	0.006142766	0.003717012	0.008911149	0.016545601
BACasv34	0	0	0	0	0	0	0.031026408	0.001787156
BACasv35	0.015908979	0.013494613	0.016189716	0.009580234	0.007678458	0.008078305	0.010277091	0.013086591
BACasv41	0.069595626	0.111661312	0.070402463	0.108407916	0.000158865	0	0.001496032	0.003862562
BACasv42	0.000541792	0	0	0.000378167	0.007996187	0.007508363	0.000520359	0.000403551
BACasv44	0.01423435	0.012549613	0.020693193	0.014454389	0.000900233	0.001635485	0.005073501	0.008935778
BACasv45	0.003004482	0.001209601	0.003933417	0.003445523	0.007095954	0.006071119	0.000650449	0.001671855
BACasv47	0.00310299	0.006917407	0.008835937	0.009076012	0.005189578	0.006814521	0.016326265	0.011472386
BACasv50	0	0	0.001083115	0	0.008313917	0.009862471	0.003447379	0.005015566
BACasv52	0.004383589	0.012058212	0.000912097	0.000798353	0	0	0	0.000807103
BACasv53	0.025070187	0.016518617	0.017101813	0.010966847	0.002012286	0.003766572	0.012943931	0.012510089
BACasv54	0.002167167	0.001965602	0.004788508	0.006428842	0.011597119	0.014248544	0.002861975	0.000922403
BACasv57	0.010392553	0.006917407	0.007011743	0.008193622	0	0	0.002731885	0.004900265
BACasv62	0	0	0	0	0	0	0.007870431	0.004554364
BACasv63	0.031670197	0.047401247	0.032379432	0.037900752	0	0	0.003707558	0.008301626
BACasv64	0.005417919	0.003591004	0.003477369	0.00235304	0	0	0.004748276	0.006918021
BACasv70	0.017632862	0.011529012	0.012997378	0.014160259	0.008419826	0.004138273	0.021464811	0.023348322
BACasv74	0.002364183	0.003213003	0.002565272	0.002142947	0	0	0.012033303	0.013893693
BACasv79	0.002610452	0.008127008	0.009063961	0.00617673	0	0	0.001886302	0.002248357
BACasv81	0.003989558	0.003553204	0.008037852	0.006849027	0	0	0.01385456	0.011530036
BACasv83	0.004432842	0.002683803	0.009919051	0.00764738	0	0	0.000975673	0.001268304
BACasv84	0.00206866	0.001058401	0.002394254	0.001428631	0	0.000322141	0.006049174	0.00651447
BACasv85	0.005220903	0.01013041	0.004218447	0.003025337	0	0	0.000910628	0.001383604
BACasv90	0	0	0	0	0.001906376	0.00307273	0.001756212	0.002651908
BACasv91	0.00660001	0.002532603	0.002337248	0.001722761	0.00683118	0.008450006	0.002016391	0.000518852
BACasv98	0.006107472	0.009109809	0.004959526	0.009790327	0	0	0.001951346	0.002594258
BACasv102	0	0	0	0	0.001641601	0.001263784	0.001886302	0.001383604
BACasv108	0.006550756	0.006237006	0.006213659	0.008865919	0	0	0.001300898	0.000980053
BACasv109	0.008767177	0.006917407	0.010204082	0.010378587	0	0	0.001300898	0.003689611
BACasv110	0.000443284	0	0	0	0.005030714	0.002874489	0	0.000172951
BACasv116	0.004285081	0.004195804	0.004560483	0.005252322	0.002965473	0.001486805	0.014570053	0.010146431
BACasv119	0.014923903	0.024116424	0.015619656	0.01382411	0	0	0	0.001729505
BACasv121	0	0	0	0	0	0.000892083	0.004423052	0.006860371
BACasv122	0	0	0	0.000210093	0	0	0.005073501	0.008993428
BACasv125	0.015761218	0.011566812	0.018013909	0.014832556	0	0	0.006374398	0.00968523
BACasv126	0	0	0.001767187	0.001302576	0	0.001833726	0.003252244	0.001844806
BACasv127	0	0	0	0	0	0	0.002992065	0.003747262
BACasv128	0	0	0	0	0.003653887	0.000495602	0.00266684	0.001210654
BACasv130	0	0.001134001	0	0	0	0	0.003252244	0.005880318
BACasv131	0.001674629	0.001814402	0.002280242	0.002269003	0.000317729	0.000173461	0	0.000461201
BACasv133	0.012017928	0.008316008	0.006726713	0.008571789	0	0	0	0.000807103
BACasv135	0	0.001323001	0.001140121	0	0.000582504	0	0.004292962	0.005246166
BACasv136	0	0.000642601	0	0.000840371	0	0	0.00292702	0.004381414
BACasv137	0.003447766	0.003477603	0.006498689	0.007563343	0	0	0.004032783	0.002651908
BACasv138	0.000886568	0	0	0	0	0	0.003187199	0.00317076
BACasv141	0.000935822	0.000982801	0.001254133	0.001386613	0.001112053	0.001982406	0.003057109	0.002421308
BACasv143	0.002610452	0.003402003	0.004275453	0.007017102	0.001694556	0.002849709	0.008846104	0.016315001
BACasv144	0	0	0	0	0	0	0.004032783	0.002133057
BACasv149	0.008126878	0.006955207	0.005016532	0.004748099	0	0	0.001300898	0.007090972
BACasv150	0.001625376	0	0.000627066	0.004832136	0	0	0	0.002536608
BACasv151	0	0	0	0	0	0	0.003577468	0.002248357
BACasv155	0.00103433	0.001323001	0.000912097	0.00058826	0	0	0.002146481	0.003459011
BACasv157	0.006747771	0.005518806	0.011515221	0.009748309	0	0.0001239	0.005528815	0.008359276
BACasv158	0	0.000529201	0	0	0	0	0.00253675	0.003055459
BACasv159	0.004826873	0.004044604	0	0.001344594	0	0	0.00266684	0.007033322
BACasv162	0.008077624	0.006237006	0.006384677	0.005168284	0	0	0.006894757	0.005765018
BACasv163	0	0	0	0	0	0	0.003512424	0.002075406
BACasv164	0.001625376	0.002797203	0.003477369	0.002395059	0	0.000495602	0.00572395	0.004612014
BACasv165	0.001132838	0.000718201	0	0	0	0	0.002731885	0.003574311
BACasv167	0.004285081	0.001701002	0.001026109	0.000840371	0.000741368	0.000892083	0.00279693	0.002882509
BACasv168	0.008520908	0.007673408	0.016816783	0.009076012	0.000582504	0	0.012943931	0.006110919
BACasv169	0.004038812	0.005972406	0.00820887	0.010252532	0	0	0	0.000288251
BACasv170	0.002758213	0.004762805	0.006612701	0.004033783	0	0	0.004488097	0.00334371
BACasv172	0.000738807	0.000907201	0	0	0	0	0.006504488	0.004554364
BACasv175	0	0	0	0	0.000529549	0	0.00533368	0.003747262
BACasv177	0.005516426	0.006879607	0.005529586	0.005168284	0.000688413	0	0.008650969	0.011530036
BACasv179	0.009801507	0.008958609	0.009463003	0.01029455	0	0	0.03531937	0.018793958
BACasv180	0	0	0.001710181	0.002563133	0	0	0.001561077	0.007206272
BACasv184	0	0.000793801	0.001083115	0.000966427	0	0	0.005138546	0.007263923
BACasv185	0.001723883	0.001852202	0.002223236	0.002016891	0	0	0.003772603	0.004554364
BACasv189	0	0	0	0	0	0	0.002146481	0.004496714
BACasv190	0	0	0	0	0	0	0.002081436	0.004496714
BACasv191	0.002561198	0.001890002	0.00245126	0.001680743	0	0	0.005008456	0.006802721
BACasv192	0	0	0	0	0.000370684	0.001437244	0	0.000980053
BACasv196	0.001231345	0.000756001	0.000969103	0	0	0	0.003252244	0.001498905
BACasv197	0.000640299	0.000529201	0	0.000378167	0	0	0.001951346	0.002651908
BACasv198	0	0	0	0	0	0	0.001040718	0.004381414
BACasv203	0.003546274	0.002570403	0.004275453	0.00235304	0	0	0	0.003055459
BACasv204	0.003053736	0.001965602	0.001653175	0.000840371	0	0	0.003577468	0.001153004
BACasv206	0.000886568	0	0.001710181	0.001974873	0	0	0	0.001614205
BACasv208	0.003595528	0.001134001	0.002622278	0.000630279	0	0	0.004162872	0.005188516
BACasv209	0.00206866	0.002759403	0.002679284	0.003109374	0	0	0	0.001614205
BACasv210	0.006944786	0.006312606	0.004218447	0.005630489	0	0	0	0.000807103
BACasv211	0.001625376	0.001285201	0.001710181	0.001260557	0	0	0.012748797	0.004439064
BACasv217	0.002511944	0.002003402	0.004047429	0.002269003	0	0	0.002081436	0.004727315
BACasv218	0	0	0	0	0	0	0	0.004035513
BACasv220	0.003053736	0.002608203	0.002508266	0.001848817	0	0	0.001040718	0.001441254
BACasv226	0.004679111	0.003666604	0.005358568	0.005168284	0	0	0.007154937	0.003689611
BACasv227	0.000443284	0.000982801	0	0.002184966	0	0	0.00253675	0.003977862
BACasv228	0.00310299	0.002608203	0.003762399	0.00411782	0	0	0.00026018	0.000634152
BACasv229	0.004334335	0.003893404	0.003078326	0.003697634	0	0	0.00292702	0.003689611
BACasv232	0	0.001549802	0	0.001932854	0	0	0.010537271	0.006283869
BACasv233	0.005073142	0.003213003	0.002850302	0.00411782	0	0	0.001626122	0.004554364
BACasv239	0.00310299	0.002646003	0.001995211	0.001848817	0	0	0.004553142	0.005130866
BACasv241	0.000886568	0.000680401	0.001596169	0.003109374	0	0	0	0.003631961
BACasv242	0	0.000642601	0.000114012	0.00029413	0.002541834	0.001511585	0.001235853	0.000403551
BACasv243	0.00142836	0.002343602	0.000912097	0	0	0	0.002731885	0.002594258
BACasv245	0.003152244	0.001663202	0	0.002605151	0	0	0	0.00334371
BACasv249	0.002708959	0.001701002	0.003249344	0.00382369	0	0	0.001886302	0.005822668
BACasv250	0	0.001436401	0	0.001722761	0	0	0.001756212	0.003516661
BACasv254	0.005664188	0.007030807	0.009006955	0.009328123	0	0	0.000975673	0.001210654
BACasv255	0	0	0	0	0	0	0.003837648	0.002824859
BACasv256	0.001773137	0.002948403	0.001197127	0.001680743	0	0	0.003447379	0.00657212
BACasv258	0.000443284	0.001512002	0	0.001218539	0	0	0.003772603	0.003747262
BACasv259	0.000492538	0	0.00057006	0.000504223	0	0	0.001691167	0.001844806
BACasv262	0.00517165	0.005745606	0.004332459	0.005168284	0	0	0	0.001325954
BACasv264	0.000541792	0.0002646	0	0	0	0	0.003382334	0.006860371
BACasv269	0	0	0	0	0	0	0	0.00322841
BACasv272	0.003546274	0.002986203	0	0.00088239	0	0	0.001430987	0.00322841
BACasv273	0.003546274	0.002646003	0.003135332	0.001890836	0	0	0	0.007090972
BACasv277	0.001132838	0	0	0.000672297	0	0	0.003967738	0.001325954
BACasv278	0.001182091	0.002079002	0.002394254	0.001806799	0	0	0.004423052	0.00317076
BACasv282	0.003546274	0.005027405	0.00518755	0.005630489	0	0	0	0.001383604
BACasv283	0.000541792	0.001058401	0.000912097	0.001008446	0	0	0.002211526	0.003804912
BACasv286	0.003546274	0.002154602	0.003534375	0	0	0	0.001365943	0.005765018
BACasv290	0.003349259	0.001701002	0.003249344	0.001722761	0.000688413	0.000446041	0	0.002478958
BACasv296	0	0	0	0	0	0	0.003317289	0.002190707
BACasv297	0	0	0	0	0	0	0.002601795	0.000634152
BACasv298	0.002216421	0.000567001	0.000912097	0.00147065	0	0	0.001496032	0.001960106
BACasv302	0.003152244	0.001398601	0.001539163	0.001218539	0	0	0.000195135	0.002363657
BACasv308	0	0	0	0	0	0	0.001886302	0.001153004
BACasv309	0	0	0	0	0	0.000892083	0.001691167	0.001325954
BACasv310	0.003398513	0.001701002	0.002280242	0.001512669	0	0	0	0.005073216
BACasv312	0.004974634	0.003024003	0.001881199	0.003025337	0	0	0.001821257	0.002075406
BACasv317	0	0	0	0	0.000635459	0.000346921	0.00253675	0.001268304
BACasv322	0	0	0.002679284	0	0	0	0	0.001960106
BACasv329	0	0	0	0	0	0	0	0.002651908
BACasv333	0.005368665	0.003666604	0.005073538	0.006428842	0	0	0	0.000749452
BACasv334	0.001132838	0.002154602	0.001995211	0.000966427	0	0	0.00026018	0.000403551
BACasv335	0.001773137	0.000793801	0.000969103	0.000756334	0	0	0.002146481	0.002594258
BACasv340	0	0.001663202	0	0.001638724	0	0	0	0.001960106
BACasv341	0.005713441	0.005216405	0.005529586	0.004832136	0	0	0.00572395	0.005015566
BACasv347	0	0.000907201	0	0.001092483	0.000582504	0	0.001430987	0.001268304
BACasv350	0.003300005	0.002041202	0.002223236	0.001260557	0	0	0.001300898	0.002709558
BACasv352	0.003841797	0.003213003	0.001197127	0.003109374	0.000317729	0.000198241	0.006504488	0.006283869
BACasv354	0.00142836	0.001247401	0.001482157	0.00176478	0	0	0.001886302	0.002363657
BACasv355	0.00142836	0.001247401	0.000684073	0.001638724	0	0.000272581	0.002731885	0.002075406
BACasv356	0	0	0	0	0	0	0.001365943	0.001210654
BACasv357	0	0	0	0	0	0	0.002081436	0.002421308
BACasv362	0.003989558	0.002570403	0.001653175	0.001344594	0	0	0	0.002767209
BACasv363	0	0	0	0	0	0	0.001300898	0.00322841
BACasv364	0.002413436	0.001512002	0.000627066	0.00058826	0	0	0	0.000634152
BACasv365	0	0.000604801	0	0	0	0	0.000780539	0.001614205
BACasv369	0.000738807	0.001474201	0	0.00029413	0	0	0.002341616	0.001614205
BACasv370	0.001280599	0	0.001482157	0.001638724	0	0	0.001561077	0.001210654
BACasv378	0.001083584	0.001134001	0.00273629	0.001932854	0	0	0	0.000518852
BACasv383	0.002955228	0.001890002	0.001710181	0.001008446	0	0	0.001235853	0.001960106
BACasv384	0	0.000378	0	0	0	0	0	0.002190707
BACasv385	0.000886568	0	0	0	0	0	0.001300898	0.002190707
BACasv386	0	0.000189	0	0.000252111	0	0	0	0.002190707
BACasv387	0.001083584	0.000793801	0	0.000546241	0	0	0	0.001671855
BACasv390	0.001822391	0.0004158	0.001083115	0.000672297	0	0	0	0.001729505
BACasv392	0.001674629	0.001587602	0.001938205	0.003361486	0	0	0	0.000518852
BACasv393	0.001773137	0.001096201	0.001596169	0.001554687	0	0	0	0.000634152
BACasv395	0	0	0	0.000798353	0	0	0	0.002133057
BACasv396	0	0	0	0	0	0	0	0.002133057
BACasv402	0.001132838	0.001360801	0.001026109	0.000756334	0	0	0	0.001153004
BACasv403	0.001920898	0.002835003	0.003249344	0.001596706	0.000264774	0	0.00266684	0.002651908
BACasv406	0	0.000567001	0.000969103	0.000630279	0	0	0.000910628	0.001268304
BACasv407	0	0.001096201	0.001254133	0.000672297	0	0	0.001951346	0.003459011
BACasv408	0.00142836	0	0	0.000798353	0	0.000396481	0	0.002075406
BACasv416	0.001674629	0.001058401	0.001995211	0.002311021	0	0	0	0.001614205
BACasv420	0	0.0004536	0.001026109	0.001260557	0	0	0.002276571	0.001210654
BACasv421	0	0	0	0	0.000317729	0	0.000975673	0.001153004
BACasv422	0.000295523	0	0.00028503	0.001302576	0	0	0.001496032	0.002017756
BACasv424	0	0	0	0.000756334	0	0	0	0.002017756
BACasv434	0	0	0.001026109	0.001386613	0	0	0	0.000634152
BACasv435	0.000443284	0	0	0.00029413	0	0	0.000780539	0.001902456
BACasv436	0.000738807	0.0004158	0.001140121	0.000462204	0	0	0.00266684	0.001902456
BACasv437	0.000738807	0.0004536	0.00057006	0.001134501	0	0	0.001756212	0.00328606
BACasv443	0.001576122	0.000718201	0	0.001092483	0	0	0	0.000518852
BACasv446	0	0	0.001824193	0.001302576	0	0	0	0.000576502
BACasv447	0	0	0	0	0	0	0.001040718	0.000922403
BACasv448	0	0.000642601	0	0	0	0	0	0.001844806
BACasv467	0	0	0	0	0	0	0	0.001268304
BACasv469	0	0	0	0	0	0	0	0.001671855
BACasv472	0.003053736	0.002608203	0.004218447	0.00264717	0	0.000173461	0.001300898	0.001960106
BACasv478	0.001083584	0.0004536	0	0.000504223	0	0	0	0.001614205
BACasv479	0.000640299	0.000378	0.000741079	0.000840371	0	0	0	0.001614205
BACasv480	0	0	0	0	0	0	0	0.001614205
BACasv481	0	0	0	0	0	0	0.000780539	0.001614205
BACasv489	0.001379107	0.0004536	0.001539163	0.001974873	0.000158865	0	0.000455314	0.000461201
BACasv491	0.000541792	0.0003402	0	0.000126056	0	0	0.000390269	0.001210654
BACasv513	0	0	0.001824193	0.001008446	0	0	0	0.001441254
BACasv526	0.000935822	0.000642601	0.001083115	0	0	0	0	0.001902456
BACasv527	0.000985076	0	0.001083115	0.000798353	0	0	0	0.001383604
BACasv528	0.00142836	0.001323001	0.00028503	0.000462204	0	0	0.000650449	0.002767209
BACasv535	0.001132838	0.000793801	0.000627066	0.000630279	0	0	0	0.000807103
BACasv537	0	0.000869401	0.00057006	0	0	0	0.000910628	0.001325954
BACasv544	0	0	0	0	0	0	0	0.001325954
BACasv545	0.000591046	0	0.001026109	0.000630279	0	0	0	0.002190707
BACasv550	0	0.000831601	0	0.000504223	0	0	0.000780539	0.001383604
BACasv557	0	0.000604801	0.000513054	0.000630279	0	0	0.001430987	0.001095353
BACasv558	0	0	0	0.000210093	0	0	0.001170808	0.001268304
BACasv559	0	0	0	0	0	0	0	0.001268304
BACasv565	0.00103433	0	0	0.000756334	0	0	0	0.000807103
BACasv571	0	0.000642601	0	0	0	0	0.001365943	0.000922403
BACasv572	0	0	0	0	0	0	0	0.001210654
BACasv573	0	0	0	0	0	0	0	0.001210654
BACasv574	0.000344777	0	0	0	0	0	0	0.001210654
BACasv584	0.000985076	0.000718201	0	0	0	0	0.000390269	0.000634152
BACasv585	0.000985076	0.000378	0.000228024	0	0	0	0	0.000461201
BACasv586	0.000985076	0	0	0.000504223	0	0	0	0.000230601
BACasv594	0.000689553	0.000718201	0.00057006	0.000840371	0	0	0	0.000634152
BACasv595	0.000640299	0.0004536	0.000912097	0.001638724	0	0	0.002081436	0.000691802
BACasv602	0.000591046	0	0	0	0	0	0	0.001153004
BACasv603	0.000788061	0.0004914	0.001026109	0	0	0	0	0.001153004
BACasv604	0	0	0	0	0	0	0	0.001153004
BACasv605	0	0	0.000912097	0.000504223	0	0	0	0.001153004
BACasv614	0.002758213	0.001701002	0.001254133	0.000672297	0	0.000272581	0	0.000749452
BACasv616	0.000689553	0.000604801	0.001083115	0.000672297	0	0	0.001040718	0.000864753
BACasv619	0	0.0004158	0.001083115	0.00117652	0	0	0	0.000461201
BACasv624	0.000985076	0.0004914	0	0	0	0	0.001235853	0.000576502
BACasv625	0.000443284	0	0	0	0	0	0.001235853	0.000691802
BACasv626	0.000591046	0.000378	0	0	0	0	0.001105763	0.000576502
BACasv627	0	0	0	0.00029413	0	0	0.001105763	0.001095353
BACasv628	0	0	0.000456048	0	0	0	0	0.001095353
BACasv629	0	0	0	0	0	0	0	0.001095353
BACasv630	0	0.0001512	0	0	0	0	0	0.001095353
BACasv631	0	0	0	0	0	0	0.000975673	0.001095353
BACasv632	0	0	0.000399042	0	0	0	0	0.001095353
BACasv638	0.000886568	0	0	0	0	0	0	0.000749452
BACasv643	0	0.000680401	0	0	0	0	0	0.000691802
BACasv662	0	0	0.000969103	0	0	0	0	0.0001153
BACasv667	0	0.0004158	0	0	0	0	0.001105763	0.000518852
BACasv668	0	0	0.000342036	0.000420186	0	0	0	0.000980053
BACasv684	0.000738807	0.0003024	0.000456048	0.000210093	0	0	0	0.000922403
BACasv685	0.000295523	0.000189	0.000399042	0.000504223	0	0	0	0.000922403
BACasv695	0.000640299	0.000567001	0	0	0	0	0	0.000807103
BACasv699	0.001182091	0.000567001	0	0.000252111	0	0	0	0.000634152
BACasv711	0.000443284	0	0	0	0	0	0	0.000864753
BACasv721	0.000295523	0.000189	0	0.000756334	0	0	0.000780539	0.000345901
BACasv724	0	0	0	0	0	0	0	0.000807103
BACasv743	0	0.0002646	0	0.00029413	0	0	0	0.000749452
BACasv744	0	0	0	0	0	0	0	0.000749452
BACasv745	0	0	0	0	0	0	0	0.000749452
BACasv746	0	0	0	0	0	0	0	0.000749452
BACasv747	0	0	0	0	0	0	0	0.000749452
BACasv759	0	0.0004536	0	0	0	0	0	0.000634152
BACasv792	0.000443284	0	0	0.000252111	0	0.000247801	0	0.000634152
BACasv805	0.000738807	0.000529201	0.000513054	0.000798353	0	0	0.000520359	0.000403551
BACasv829	0	0	0	0	0	0	0	0.000576502
BACasv860	0	0	0	0	0	0	0	0.000518852
BACasv861	0	0.0002646	0	0	0	0	0	0.000518852
BACasv862	0	0	0	0	0	0	0	0.000518852
BACasv863	0	0	0	0	0	0	0	0.000518852
BACasv864	0	0	0	0	0	0	0	0.000518852
BACasv894	0	0	0	0	0	0	0	0.000461201
BACasv895	0	0	0	0	0	0	0	0.000461201
BACasv896	0	0	0	0	0	0	0	0.000461201
BACasv922	0	0	0	0	0	0	0	0.000403551
BACasv923	0	0	0	0	0	0	0	0.000403551
BACasv924	0	0	0	0	0	0	0	0.000403551
BACasv960	0	0	0	0	0	0	0	0.000345901
BACasv961	0	0	0	0	0	0	0	0.000345901
BACasv992	0	0	0	0	0	0	0	0.000288251
BACasv1030	0	0	0	0	0	0	0	0.000172951
BACasv1046	0	0	0	0	0	0	0	0.0001153
