	BACasv1	BACasv3	BACasv4	BACasv7	BACasv8	BACasv11	BACasv12	BACasv13	BACasv14	BACasv15	BACasv16	BACasv17	BACasv20	BACasv21	BACasv22	BACasv23	BACasv25	BACasv27	BACasv28	BACasv30	BACasv31	BACasv33	BACasv35	BACasv36	BACasv37	BACasv38	BACasv39	BACasv40	BACasv42	BACasv44	BACasv45	BACasv46	BACasv47	BACasv48	BACasv49	BACasv50	BACasv53	BACasv54	BACasv56	BACasv58	BACasv60	BACasv61	BACasv65	BACasv66	BACasv67	BACasv69	BACasv71	BACasv72	BACasv73	BACasv75	BACasv76	BACasv77	BACasv78	BACasv80	BACasv84	BACasv87	BACasv89	BACasv90	BACasv92	BACasv93	BACasv94	BACasv96	BACasv97	BACasv99	BACasv100	BACasv101	BACasv102	BACasv105	BACasv106	BACasv112	BACasv114	BACasv118	BACasv120	BACasv121	BACasv123	BACasv124	BACasv126	BACasv128	BACasv129	BACasv134	BACasv139	BACasv140	BACasv141	BACasv143	BACasv146	BACasv148	BACasv153	BACasv154	BACasv156	BACasv157	BACasv161	BACasv173	BACasv176	BACasv178	BACasv182	BACasv183	BACasv187	BACasv192	BACasv194	BACasv195	BACasv200	BACasv207	BACasv212	BACasv213	BACasv215	BACasv221	BACasv222	BACasv223	BACasv234	BACasv238	BACasv240	BACasv242	BACasv247	BACasv251	BACasv253	BACasv260	BACasv267	BACasv268	BACasv270	BACasv285	BACasv288	BACasv295	BACasv300	BACasv305	BACasv306	BACasv309	BACasv316	BACasv317	BACasv324	BACasv325	BACasv331	BACasv351	BACasv352	BACasv366	BACasv372	BACasv373	BACasv374	BACasv379	BACasv389	BACasv398	BACasv404	BACasv408	BACasv411	BACasv412	BACasv413	BACasv428	BACasv429	BACasv430	BACasv440	BACasv442	BACasv449	BACasv450	BACasv455	BACasv472	BACasv493	BACasv511	BACasv512	BACasv514	BACasv522	BACasv540	BACasv541	BACasv548	BACasv549	BACasv556	BACasv562	BACasv569	BACasv580	BACasv581	BACasv596	BACasv597	BACasv610	BACasv622	BACasv645	BACasv646	BACasv647	BACasv665	BACasv672	BACasv673	BACasv683	BACasv690	BACasv709	BACasv712	BACasv723	BACasv726	BACasv742	BACasv769	BACasv788	BACasv789	BACasv792	BACasv793	BACasv796	BACasv824	BACasv859	BACasv890	BACasv918	BACasv919	BACasv920	BACasv957	BACasv958	BACasv987	BACasv988
BACasv1	0	0	0	0	0	0	0	0	1	0	0	0	0	0	0	0	0	0	0	0	0	0	0	0	0	0	0	0	0	0	0	0	0	0	0	0	0	0	0	1	1	0	0	0	0	0	0	0	0	0	0	0	0	0	0	0	0	0	0	0	0	0	0	0	0	1	0	0	0	0	0	0	0	0	0	0	0	0	0	0	0	0	0	0	0	0	0	0	0	0	0	0	0	0	0	0	0	0	0	0	0	0	0	0	0	0	0	0	0	0	0	0	0	0	0	0	0	0	0	0	0	0	0	0	0	0	0	0	0	0	0	0	1	0	0	0	0	0	0	0	0	0	0	0	0	0	0	0	0	0	0	0	0	0	0	0	0	0	0	0	0	0	0	0	0	0	0	0	0	0	0	0	0	0	0	0	0	0	0	0	0	0	0	0	0	0	0	0	0	0	0	0	0	0	0	0	0	0	0	0	0
BACasv3	0	0	0	0	1	1	1	1	0	0	0	0	1	0	1	1	0	0	1	1	1	0	0	1	1	1	0	0	0	0	0	0	0	1	1	0	0	0	0	0	0	1	1	0	0	1	1	0	1	0	1	1	1	1	0	0	1	0	1	1	0	1	0	1	1	0	0	1	1	0	1	0	1	0	0	1	0	0	1	0	1	1	0	0	1	1	1	1	1	0	0	0	1	0	1	0	1	0	1	1	0	1	1	1	0	1	0	0	0	0	0	0	0	1	0	0	1	1	0	1	0	0	0	1	0	0	0	0	1	0	0	0	0	0	0	0	1	0	1	0	0	0	0	0	1	0	0	0	1	1	0	1	0	0	0	0	0	1	1	0	0	0	0	0	1	0	0	1	0	1	0	0	0	0	0	0	1	0	0	0	0	0	0	0	0	0	0	0	0	0	0	0	0	1	0	0	0	0	0	0	0
BACasv4	0	0	0	0	0	0	0	0	0	0	0	0	0	0	0	0	0	0	0	0	0	0	0	0	0	0	0	0	0	0	0	0	0	0	0	1	0	0	0	0	0	0	0	0	0	0	0	0	0	0	0	0	0	0	0	0	0	0	0	0	0	0	0	0	0	0	0	0	0	0	0	0	0	0	0	0	0	0	0	0	0	0	0	0	0	0	0	0	0	0	0	0	0	0	0	0	0	0	0	0	0	0	0	0	0	0	0	0	0	0	0	0	0	0	0	0	0	0	0	0	0	0	0	0	0	0	0	0	0	0	0	0	0	0	0	0	0	0	0	0	0	0	0	0	0	0	0	0	0	0	0	0	0	0	0	0	0	0	0	0	0	0	0	0	0	0	0	0	0	0	0	0	0	0	0	0	0	0	0	0	0	0	0	0	0	0	0	0	0	0	0	0	0	0	0	0	0	0	0	0	0
BACasv7	0	0	0	0	0	0	0	0	0	0	0	0	0	0	0	0	1	1	0	0	0	0	0	0	0	0	0	0	0	0	0	0	0	0	0	0	0	0	0	0	0	0	0	0	0	0	0	0	0	0	0	0	0	0	0	0	0	0	0	0	0	0	0	0	0	0	0	0	0	0	0	0	0	0	0	0	0	0	0	0	0	0	0	0	0	0	0	0	0	0	0	0	0	0	0	0	0	0	0	0	0	0	0	0	0	0	0	0	0	0	0	0	0	0	0	0	0	0	0	0	0	0	0	0	0	0	0	0	0	0	0	0	0	0	0	0	0	0	0	0	0	0	0	0	0	0	0	0	0	0	0	0	0	0	0	0	0	0	0	0	0	0	0	0	0	0	0	0	0	0	0	0	0	0	0	0	0	0	0	0	0	0	0	0	0	0	0	0	0	0	0	0	0	0	0	0	0	0	0	0	0
BACasv8	0	1	0	0	0	1	1	1	0	0	0	0	1	0	1	1	0	0	1	1	1	0	0	1	1	1	0	0	0	0	0	0	0	1	1	0	0	0	0	0	0	1	1	0	0	1	1	0	1	0	1	1	1	1	0	0	1	0	1	1	0	1	0	1	1	0	0	1	1	0	1	0	1	0	0	1	0	0	1	0	1	1	0	0	1	1	1	1	1	0	0	0	1	0	1	0	1	0	1	1	0	1	1	1	0	1	0	0	0	0	0	0	0	1	0	0	1	1	0	1	0	0	0	1	0	0	0	0	1	0	0	0	0	0	0	0	1	0	1	0	0	0	0	0	1	0	0	0	1	1	0	1	0	0	0	0	0	1	1	0	0	0	0	0	1	0	0	1	0	1	0	0	0	0	0	0	1	0	0	0	0	0	0	0	0	0	0	0	0	0	0	0	0	1	0	0	0	0	0	0	0
BACasv11	0	1	0	0	1	0	1	1	0	0	0	0	1	0	1	1	0	0	1	1	1	0	0	1	1	1	0	0	0	0	0	0	0	1	1	0	0	0	0	0	0	1	1	0	0	1	1	0	1	0	1	1	1	1	0	0	1	0	1	1	0	1	0	1	1	0	0	1	1	0	1	0	1	0	0	1	0	0	1	0	1	1	0	0	1	1	1	1	1	0	0	0	1	0	1	0	1	0	1	1	0	1	1	1	0	1	0	0	0	0	0	0	0	1	0	0	1	1	0	1	0	0	0	1	0	0	0	0	1	0	0	0	0	0	0	0	1	0	1	0	0	0	0	0	1	0	0	0	1	1	0	1	0	0	0	0	0	1	1	0	0	0	0	0	1	0	0	1	0	1	0	0	0	0	0	0	1	0	0	0	0	0	0	0	0	0	0	0	0	0	0	0	0	1	0	0	0	0	0	0	0
BACasv12	0	1	0	0	1	1	0	1	0	0	0	0	1	0	1	1	0	0	1	1	1	0	0	1	1	1	0	0	0	0	0	0	0	1	1	0	0	0	0	0	0	1	1	0	0	1	1	0	1	0	1	1	1	1	0	0	1	0	1	1	0	1	0	1	1	0	0	1	1	0	1	0	1	0	0	1	0	0	1	0	1	1	0	0	1	1	1	1	1	0	0	0	1	0	1	0	1	0	1	1	0	1	1	1	0	1	0	0	0	0	0	0	0	1	0	0	1	1	0	1	0	0	0	1	0	0	0	0	1	0	0	0	0	0	0	0	1	0	1	0	0	0	0	0	1	0	0	0	1	1	0	1	0	0	0	0	0	1	1	0	0	0	0	0	1	0	0	1	0	1	0	0	0	0	0	0	1	0	0	0	0	0	0	0	0	0	0	0	0	0	0	0	0	1	0	0	0	0	0	0	0
BACasv13	0	1	0	0	1	1	1	0	0	0	0	0	1	0	1	1	0	0	1	1	1	0	0	1	1	1	0	0	0	0	0	0	0	1	1	0	0	0	0	0	0	1	1	0	0	1	1	0	1	0	1	1	1	1	0	0	1	0	1	1	0	1	0	1	1	0	0	1	1	0	1	0	1	0	0	1	0	0	1	0	1	1	0	0	1	1	1	1	1	0	0	0	1	0	1	0	1	0	1	1	0	1	1	1	0	1	0	0	0	0	0	0	0	1	0	0	1	1	0	1	0	0	0	1	0	0	0	0	1	0	0	0	0	0	0	0	1	0	1	0	0	0	0	0	1	0	0	0	1	1	0	1	0	0	0	0	0	1	1	0	0	0	0	0	1	0	0	1	0	1	0	0	0	0	0	0	1	0	0	0	0	0	0	0	0	0	0	0	0	0	0	0	0	1	0	0	0	0	0	0	0
BACasv14	1	0	0	0	0	0	0	0	0	0	0	1	0	0	0	0	0	0	0	0	0	0	0	0	0	0	0	0	0	0	0	1	0	0	0	0	0	0	0	0	1	0	0	0	0	0	0	0	0	0	0	0	0	0	0	0	0	0	0	0	0	0	0	0	0	1	0	0	0	0	0	0	0	0	0	0	0	0	0	0	0	0	0	0	0	0	0	0	0	0	0	0	0	0	0	0	0	0	0	0	0	0	0	0	0	0	0	0	0	0	0	0	0	0	0	0	0	0	0	0	0	0	0	0	0	0	0	0	0	0	0	0	1	0	0	0	0	0	0	0	0	0	0	0	0	0	0	0	0	0	0	0	0	0	0	0	0	0	0	0	0	0	0	0	0	0	0	0	0	0	0	0	0	0	0	0	0	0	0	0	0	0	0	0	0	0	0	0	0	0	0	0	0	0	0	0	0	0	0	0	0
BACasv15	0	0	0	0	0	0	0	0	0	0	0	0	0	0	0	0	0	0	0	0	0	0	0	0	0	0	0	0	0	0	0	0	0	0	0	0	0	0	0	0	0	0	0	1	0	0	0	0	0	1	0	0	0	0	0	0	0	0	0	0	0	0	1	0	0	0	0	0	0	0	0	0	0	0	0	0	0	0	0	1	0	0	0	0	0	0	0	0	0	0	1	0	0	1	0	0	0	0	0	0	1	0	0	0	1	0	1	1	0	1	1	0	0	0	1	1	0	0	1	0	0	0	1	0	1	0	0	0	0	1	0	1	0	0	1	1	0	1	0	1	0	0	1	1	0	1	0	1	0	0	1	0	0	0	1	1	1	0	0	1	1	1	1	1	0	1	0	0	1	0	1	1	1	1	1	1	0	1	1	1	1	1	1	1	1	1	1	1	0	1	1	1	1	0	1	1	1	1	1	1	1
BACasv16	0	0	0	0	0	0	0	0	0	0	0	0	0	0	0	0	0	0	0	0	0	0	0	0	0	0	0	0	0	0	0	0	0	0	0	0	0	0	0	0	0	0	0	0	0	0	0	0	0	0	0	0	0	0	0	0	0	0	0	0	0	0	0	0	0	0	0	0	0	0	0	0	0	0	0	0	0	0	0	0	0	0	0	0	0	0	0	0	0	1	0	0	0	0	0	0	0	0	0	0	0	0	0	0	0	0	0	0	0	0	0	0	0	0	0	0	0	0	0	0	0	0	0	0	0	0	0	0	0	0	0	0	0	0	0	0	0	0	0	0	0	0	0	0	0	0	0	0	0	0	0	0	0	0	0	0	0	0	0	0	0	0	0	0	0	0	0	0	0	0	0	0	0	0	0	0	0	0	0	0	0	0	0	0	0	0	0	0	0	0	0	0	0	0	0	0	0	0	0	0	0
BACasv17	0	0	0	0	0	0	0	0	1	0	0	0	0	0	0	0	0	0	0	0	0	0	0	0	0	0	0	0	0	0	0	0	0	0	0	0	0	0	0	0	0	0	0	0	0	0	0	0	0	0	0	0	0	0	1	0	0	0	0	0	0	0	0	0	0	0	0	0	0	0	0	0	0	0	0	0	0	0	0	0	0	0	0	0	0	0	0	0	0	0	0	0	0	0	0	0	0	0	0	0	0	0	0	0	0	0	0	0	0	0	0	0	0	0	0	0	0	0	0	0	0	0	0	0	0	0	0	0	0	0	0	0	0	0	0	0	0	0	0	0	0	0	0	0	0	0	0	0	0	0	0	0	0	0	0	0	0	0	0	0	0	0	0	0	0	0	0	0	0	0	0	0	0	0	0	0	0	0	0	0	0	0	0	0	0	0	0	0	0	0	0	0	0	0	0	0	0	0	0	0	0
BACasv20	0	1	0	0	1	1	1	1	0	0	0	0	0	0	1	1	0	0	1	1	1	0	0	1	1	1	0	0	0	0	0	0	0	1	1	0	0	0	0	0	0	1	1	0	0	1	1	0	1	0	1	1	1	1	0	0	1	0	1	1	0	1	0	1	1	0	0	1	1	0	1	0	1	0	0	1	0	0	1	0	1	1	0	0	1	1	1	1	1	0	0	0	1	0	1	0	1	0	1	1	0	1	1	1	0	1	0	0	0	0	0	0	0	1	0	0	1	1	0	1	0	0	0	1	0	0	0	0	1	0	0	0	0	0	0	0	1	0	1	0	0	0	0	0	1	0	0	0	1	1	0	1	0	0	0	0	0	1	1	0	0	0	0	0	1	0	0	1	0	1	0	0	0	0	0	0	1	0	0	0	0	0	0	0	0	0	0	0	0	0	0	0	0	1	0	0	0	0	0	0	0
BACasv21	0	0	0	0	0	0	0	0	0	0	0	0	0	0	0	0	0	0	0	0	0	0	0	0	0	0	0	0	0	0	0	0	0	0	0	1	0	0	0	0	0	0	0	0	0	0	0	0	0	0	0	0	0	0	0	0	0	1	0	0	0	0	0	0	0	0	0	0	0	0	0	0	0	0	0	0	0	0	0	0	0	0	0	0	0	0	0	0	0	0	0	0	0	0	0	0	0	0	0	0	0	0	0	0	0	0	0	0	0	0	0	0	0	0	0	0	0	0	0	0	0	0	0	0	0	0	0	0	0	0	0	0	0	0	0	0	0	0	0	0	0	0	0	0	0	0	0	0	0	0	0	0	0	0	0	0	0	0	0	0	0	0	0	0	0	0	0	0	0	0	0	0	0	0	0	0	0	0	0	0	0	0	0	0	0	0	0	0	0	0	0	0	0	0	0	0	0	0	0	0	0
BACasv22	0	1	0	0	1	1	1	1	0	0	0	0	1	0	0	1	0	0	1	1	1	0	0	1	1	1	0	0	0	0	0	0	0	1	1	0	0	0	0	0	0	1	1	0	0	1	1	0	1	0	1	1	1	1	0	0	1	0	1	1	0	1	0	1	1	0	0	1	1	0	1	0	1	0	0	1	0	0	1	0	1	1	0	0	1	1	1	1	1	0	0	0	1	0	1	0	1	0	1	1	0	1	1	1	0	1	0	0	0	0	0	0	0	1	0	0	1	1	0	1	0	0	0	1	0	0	0	0	1	0	0	0	0	0	0	0	1	0	1	0	0	0	0	0	1	0	0	0	1	1	0	1	0	0	0	0	0	1	1	0	0	0	0	0	1	0	0	1	0	1	0	0	0	0	0	0	1	0	0	0	0	0	0	0	0	0	0	0	0	0	0	0	0	1	0	0	0	0	0	0	0
BACasv23	0	1	0	0	1	1	1	1	0	0	0	0	1	0	1	0	0	0	1	1	1	0	0	1	1	1	0	0	0	0	0	0	0	1	1	0	0	0	0	0	0	1	1	0	0	1	1	0	1	0	1	1	1	1	0	0	1	0	1	1	0	1	0	1	1	0	0	1	1	0	1	0	1	0	0	1	0	0	1	0	1	1	0	0	1	1	1	1	1	0	0	0	1	0	1	0	1	0	1	1	0	1	1	1	0	1	0	0	0	0	0	0	0	1	0	0	1	1	0	1	0	0	0	1	0	0	0	0	1	0	0	0	0	0	0	0	1	0	1	0	0	0	0	0	1	0	0	0	1	1	0	1	0	0	0	0	0	1	1	0	0	0	0	0	1	0	0	1	0	1	0	0	0	0	0	0	1	0	0	0	0	0	0	0	0	0	0	0	0	0	0	0	0	1	0	0	0	0	0	0	0
BACasv25	0	0	0	1	0	0	0	0	0	0	0	0	0	0	0	0	0	1	0	0	0	0	0	0	0	0	0	0	1	0	0	0	0	0	0	0	0	0	0	0	0	0	0	0	0	0	0	0	0	0	0	0	0	0	0	0	0	0	0	0	0	0	0	0	0	0	0	0	0	0	0	0	0	0	0	0	0	0	0	0	0	0	0	0	0	0	0	0	0	0	0	0	0	0	0	0	0	0	0	0	0	0	0	0	0	0	0	0	0	0	0	0	0	0	0	0	0	0	0	0	0	0	0	0	0	0	0	0	0	0	0	0	0	0	0	0	0	0	0	0	0	0	0	0	0	0	0	0	0	0	0	0	0	0	0	0	0	0	0	0	0	0	0	0	0	0	0	0	0	0	0	0	0	0	0	0	0	0	0	0	0	0	0	0	0	0	0	0	0	0	0	0	0	0	0	0	0	0	0	0	0
BACasv27	0	0	0	1	0	0	0	0	0	0	0	0	0	0	0	0	1	0	0	0	0	1	0	0	0	0	0	0	0	0	0	0	0	0	0	0	0	0	0	0	0	0	0	0	0	0	0	0	0	0	0	0	0	0	0	0	0	0	0	0	0	0	0	0	0	0	0	0	0	0	0	0	0	0	0	0	0	0	0	0	0	0	0	0	0	0	0	0	0	0	0	0	0	0	0	0	0	0	0	0	0	0	0	0	0	0	0	0	0	0	0	0	0	0	0	0	0	0	0	0	0	0	0	0	0	0	0	0	0	0	0	0	0	0	0	0	0	0	0	0	0	0	0	0	0	0	0	0	0	0	0	0	0	0	0	0	0	0	0	0	0	0	0	0	0	0	0	0	0	0	0	0	0	0	0	0	0	0	0	0	0	0	0	0	0	0	0	0	0	0	0	0	0	0	0	0	0	0	0	0	0
BACasv28	0	1	0	0	1	1	1	1	0	0	0	0	1	0	1	1	0	0	0	1	1	0	0	1	1	1	0	0	0	0	0	0	0	1	1	0	0	0	0	0	0	1	1	0	0	1	1	0	1	0	1	1	1	1	0	0	1	0	1	1	0	1	0	1	1	0	0	1	1	0	1	0	1	0	0	1	0	0	1	0	1	1	0	0	1	1	1	1	1	0	0	0	1	0	1	0	1	0	1	1	0	1	1	1	0	1	0	0	0	0	0	0	0	1	0	0	1	1	0	1	0	0	0	1	0	0	0	0	1	0	0	0	0	0	0	0	1	0	1	0	0	0	0	0	1	0	0	0	1	1	0	1	0	0	0	0	0	1	1	0	0	0	0	0	1	0	0	1	0	1	0	0	0	0	0	0	1	0	0	0	0	0	0	0	0	0	0	0	0	0	0	0	0	1	0	0	0	0	0	0	0
BACasv30	0	1	0	0	1	1	1	1	0	0	0	0	1	0	1	1	0	0	1	0	1	0	0	1	1	1	0	0	0	0	0	0	0	1	1	0	0	0	0	0	0	1	1	0	0	1	1	0	1	0	1	1	1	1	0	0	1	0	1	1	0	1	0	1	1	0	0	1	1	0	1	0	1	0	0	1	0	0	1	0	1	1	0	0	1	1	1	1	1	0	0	0	1	0	1	0	1	0	1	1	0	1	1	1	0	1	0	0	0	0	0	0	0	1	0	0	1	1	0	1	0	0	0	1	0	0	0	0	1	0	0	0	0	0	0	0	1	0	1	0	0	0	0	0	1	0	0	0	1	1	0	1	0	0	0	0	0	1	1	0	0	0	0	0	1	0	0	1	0	1	0	0	0	0	0	0	1	0	0	0	0	0	0	0	0	0	0	0	0	0	0	0	0	1	0	0	0	0	0	0	0
BACasv31	0	1	0	0	1	1	1	1	0	0	0	0	1	0	1	1	0	0	1	1	0	0	0	1	1	1	0	0	0	0	0	0	0	1	1	0	0	0	0	0	0	1	1	0	0	1	1	0	1	0	1	1	1	1	0	0	1	0	1	1	0	1	0	1	1	0	0	1	1	0	1	0	1	0	0	1	0	0	1	0	1	1	0	0	1	1	1	1	1	0	0	0	1	0	1	0	1	0	1	1	0	1	1	1	0	1	0	0	0	0	0	0	0	1	0	0	1	1	0	1	0	0	0	1	0	0	0	0	1	0	0	0	0	0	0	0	1	0	1	0	0	0	0	0	1	0	0	0	1	1	0	1	0	0	0	0	0	1	1	0	0	0	0	0	1	0	0	1	0	1	0	0	0	0	0	0	1	0	0	0	0	0	0	0	0	0	0	0	0	0	0	0	0	1	0	0	0	0	0	0	0
BACasv33	0	0	0	0	0	0	0	0	0	0	0	0	0	0	0	0	0	1	0	0	0	0	0	0	0	0	0	0	0	0	0	0	0	0	0	0	0	0	0	0	0	0	0	0	0	0	0	0	0	0	0	0	0	0	0	0	0	0	0	0	0	0	0	0	0	0	0	0	0	0	0	0	0	0	0	0	0	0	0	0	0	0	0	0	0	0	0	0	0	0	0	0	0	0	0	0	0	0	0	0	0	0	0	0	0	0	0	0	0	0	0	0	0	0	0	0	0	0	0	0	0	0	0	0	0	0	0	0	0	0	0	0	0	0	0	0	0	0	0	0	0	0	0	0	0	0	0	0	0	0	0	0	0	0	0	0	0	0	0	0	0	0	0	0	0	0	0	0	0	0	0	0	0	0	0	0	0	0	0	0	0	0	0	0	0	0	0	0	0	0	0	0	0	0	0	0	0	0	0	0	0
BACasv35	0	0	0	0	0	0	0	0	0	0	0	0	0	0	0	0	0	0	0	0	0	0	0	0	0	0	0	0	0	0	0	0	0	0	0	0	1	0	0	0	0	0	0	0	0	0	0	0	0	0	0	0	0	0	0	0	0	0	0	0	0	0	0	0	0	0	0	0	0	0	0	0	0	0	0	0	0	0	0	0	0	0	0	0	0	0	0	0	0	0	0	0	0	0	0	0	0	0	0	0	0	0	0	0	0	0	0	0	0	0	0	0	0	0	0	0	0	0	0	0	0	0	0	0	0	0	0	0	0	0	0	0	0	0	0	0	0	0	0	0	0	0	0	0	0	0	0	0	0	0	0	0	0	0	0	0	0	0	0	0	0	0	0	0	0	0	0	0	0	0	0	0	0	0	0	0	0	0	0	0	0	0	0	0	0	0	0	0	0	0	0	0	0	0	0	0	0	0	0	0	0
BACasv36	0	1	0	0	1	1	1	1	0	0	0	0	1	0	1	1	0	0	1	1	1	0	0	0	1	1	0	0	0	0	0	0	0	1	1	0	0	0	0	0	0	1	1	0	0	1	1	0	1	0	1	1	1	1	0	0	1	0	1	1	0	1	0	1	1	0	0	1	1	0	1	0	1	0	0	1	0	0	1	0	1	1	0	0	1	1	1	1	1	0	0	0	1	0	1	0	1	0	1	1	0	1	1	1	0	1	0	0	0	0	0	0	0	1	0	0	1	1	0	1	0	0	0	1	0	0	0	0	1	0	0	0	0	0	0	0	1	0	1	0	0	0	0	0	1	0	0	0	1	1	0	1	0	0	0	0	0	1	1	0	0	0	0	0	1	0	0	1	0	1	0	0	0	0	0	0	1	0	0	0	0	0	0	0	0	0	0	0	0	0	0	0	0	1	0	0	0	0	0	0	0
BACasv37	0	1	0	0	1	1	1	1	0	0	0	0	1	0	1	1	0	0	1	1	1	0	0	1	0	1	0	0	0	0	0	0	0	1	1	0	0	0	0	0	0	1	1	0	0	1	1	0	1	0	1	1	1	1	0	0	1	0	1	1	0	1	0	1	1	0	0	1	1	0	1	0	1	0	0	1	0	0	1	0	1	1	0	0	1	1	1	1	1	0	0	0	1	0	1	0	1	0	1	1	0	1	1	1	0	1	0	0	0	0	0	0	0	1	0	0	1	1	0	1	0	0	0	1	0	0	0	0	1	0	0	0	0	0	0	0	1	0	1	0	0	0	0	0	1	0	0	0	1	1	0	1	0	0	0	0	0	1	1	0	0	0	0	0	1	0	0	1	0	1	0	0	0	0	0	0	1	0	0	0	0	0	0	0	0	0	0	0	0	0	0	0	0	1	0	0	0	0	0	0	0
BACasv38	0	1	0	0	1	1	1	1	0	0	0	0	1	0	1	1	0	0	1	1	1	0	0	1	1	0	0	0	0	0	0	0	0	1	1	0	0	0	0	0	0	1	1	0	0	1	1	0	1	0	1	1	1	1	0	0	1	0	1	1	0	1	0	1	1	0	0	1	1	0	1	0	1	0	0	1	0	0	1	0	1	1	0	0	1	1	1	1	1	0	0	0	1	0	1	0	1	0	1	1	0	1	1	1	0	1	0	0	0	0	0	0	0	1	0	0	1	1	0	1	0	0	0	1	0	0	0	0	1	0	0	0	0	0	0	0	1	0	1	0	0	0	0	0	1	0	0	0	1	1	0	1	0	0	0	0	0	1	1	0	0	0	0	0	1	0	0	1	0	1	0	0	0	0	0	0	1	0	0	0	0	0	0	0	0	0	0	0	0	0	0	0	0	1	0	0	0	0	0	0	0
BACasv39	0	0	0	0	0	0	0	0	0	0	0	0	0	0	0	0	0	0	0	0	0	0	0	0	0	0	0	0	0	0	0	0	0	0	0	0	0	0	0	0	0	0	0	0	0	0	0	0	0	0	0	0	0	0	0	0	0	0	0	0	0	0	0	0	0	0	0	0	0	0	0	0	0	0	0	0	0	0	0	0	0	0	0	0	0	0	0	0	0	0	0	1	0	0	0	0	0	0	0	0	0	0	0	0	0	0	0	0	0	0	0	0	0	0	0	0	0	0	0	0	0	0	0	0	0	0	1	0	0	0	0	0	0	0	0	0	0	0	0	0	0	0	0	0	0	0	0	0	0	0	0	0	0	0	0	0	0	0	0	0	0	0	0	0	0	0	0	0	0	0	0	0	0	0	0	0	0	0	0	0	0	0	0	0	0	0	0	0	0	0	0	0	0	0	0	0	0	0	0	0	0
BACasv40	0	0	0	0	0	0	0	0	0	0	0	0	0	0	0	0	0	0	0	0	0	0	0	0	0	0	0	0	0	0	0	0	0	0	0	0	0	0	0	0	0	0	0	0	1	0	0	0	0	0	0	0	0	0	0	0	0	0	0	0	0	0	0	0	0	0	0	0	0	0	0	0	0	0	0	0	0	0	0	0	0	0	0	0	0	0	0	0	0	0	0	0	0	0	0	0	0	0	0	0	0	0	0	0	0	0	0	0	0	0	0	0	0	0	0	0	0	0	0	0	0	0	0	0	0	0	0	0	0	0	0	0	0	0	0	0	0	0	0	0	0	0	0	0	0	0	0	0	0	0	0	0	0	0	0	0	0	0	0	0	0	0	0	0	0	0	0	0	0	0	0	0	0	0	0	0	0	0	0	0	0	0	0	0	0	0	0	0	0	0	0	0	0	0	0	0	0	0	0	0	0
BACasv42	0	0	0	0	0	0	0	0	0	0	0	0	0	0	0	0	1	0	0	0	0	0	0	0	0	0	0	0	0	0	0	0	0	0	0	0	0	0	0	0	0	0	0	0	0	0	0	0	0	0	0	0	0	0	0	0	0	0	0	0	0	0	0	0	0	0	0	0	0	0	0	0	0	0	0	0	0	0	0	0	0	0	0	0	0	0	0	0	0	0	0	0	0	0	0	0	0	0	0	0	0	0	0	0	0	0	0	0	0	0	0	0	0	0	0	0	0	0	0	0	0	0	0	0	0	0	0	0	0	0	0	0	0	0	0	0	0	0	0	0	0	0	0	0	0	0	0	0	0	0	0	0	0	0	0	0	0	0	0	0	0	0	0	0	0	0	0	0	0	0	0	0	0	0	0	0	0	0	0	0	0	0	0	0	0	0	0	0	0	0	0	0	0	0	0	0	0	0	0	0	0
BACasv44	0	0	0	0	0	0	0	0	0	0	0	0	0	0	0	0	0	0	0	0	0	0	0	0	0	0	0	0	0	0	0	0	0	0	0	0	0	0	0	0	0	0	0	0	0	0	0	0	0	0	0	0	0	0	0	0	0	0	0	0	0	0	0	0	0	0	0	0	0	0	0	0	0	0	0	0	0	0	0	0	0	0	0	0	0	0	0	0	0	0	0	0	0	0	0	0	0	0	0	0	0	0	0	0	0	0	0	0	0	0	0	0	0	0	0	0	0	0	0	0	0	0	0	0	0	0	0	0	0	0	0	0	0	0	0	0	0	0	0	0	0	0	0	0	0	0	0	0	0	0	0	0	0	1	0	0	0	0	0	0	0	0	0	0	0	0	0	0	0	0	0	0	0	0	0	0	0	0	0	0	0	0	0	0	0	0	0	0	0	0	0	0	0	0	0	0	0	0	0	0	0
BACasv45	0	0	0	0	0	0	0	0	0	0	0	0	0	0	0	0	0	0	0	0	0	0	0	0	0	0	0	0	0	0	0	0	0	0	0	0	0	0	0	0	0	0	0	0	0	0	0	0	0	0	0	0	0	0	0	0	0	0	0	0	0	0	0	0	0	1	0	0	0	0	0	0	0	0	0	0	0	0	0	0	0	0	0	0	0	0	0	0	0	0	0	0	0	0	0	0	0	0	0	0	0	0	0	0	0	0	0	0	0	0	0	0	0	0	0	0	0	0	0	0	0	0	0	0	0	0	0	0	0	0	0	0	0	0	0	0	0	0	0	0	0	0	0	0	0	0	0	0	0	0	0	0	0	0	0	0	0	0	0	0	0	0	0	0	0	0	0	0	0	0	0	0	0	0	0	0	0	0	0	0	0	0	0	0	0	0	0	0	0	0	0	0	0	0	0	0	0	0	0	0	0
BACasv46	0	0	0	0	0	0	0	0	1	0	0	0	0	0	0	0	0	0	0	0	0	0	0	0	0	0	0	0	0	0	0	0	0	0	0	0	0	0	0	0	0	0	0	0	0	0	0	0	0	0	0	0	0	0	0	0	0	0	0	0	0	0	0	0	0	0	0	0	0	0	0	0	0	0	0	0	0	0	0	0	0	0	0	0	0	0	0	0	0	0	0	0	0	0	0	0	0	0	0	0	0	0	0	0	0	0	0	0	0	0	0	0	0	0	0	0	0	0	0	0	0	0	0	0	0	0	0	0	0	0	0	0	0	0	0	0	0	0	0	0	0	0	0	0	0	0	0	0	0	0	0	0	0	0	0	0	0	0	0	0	0	0	0	0	0	0	0	0	0	0	0	0	0	0	0	0	0	0	0	0	0	0	0	0	0	0	0	0	0	0	0	0	0	0	0	0	0	0	0	0	0
BACasv47	0	0	0	0	0	0	0	0	0	0	0	0	0	0	0	0	0	0	0	0	0	0	0	0	0	0	0	0	0	0	0	0	0	0	0	0	0	0	0	0	0	0	0	0	0	0	0	0	0	0	0	0	0	0	0	0	0	0	0	0	0	0	0	0	0	0	0	0	0	0	0	0	0	0	0	0	0	0	0	0	0	0	0	1	0	0	0	0	0	0	0	0	0	0	0	0	0	0	0	0	0	0	0	0	0	0	0	0	0	0	0	0	0	0	0	0	0	0	0	0	0	0	0	0	0	0	0	0	0	0	0	0	0	0	0	0	0	0	0	0	0	0	0	0	0	0	0	0	0	0	0	0	0	0	0	0	0	0	0	0	0	0	0	0	0	0	0	0	0	0	0	0	0	0	0	0	0	0	0	0	0	0	0	0	0	0	0	0	0	0	0	0	0	0	0	0	0	0	0	0	0
BACasv48	0	1	0	0	1	1	1	1	0	0	0	0	1	0	1	1	0	0	1	1	1	0	0	1	1	1	0	0	0	0	0	0	0	0	1	0	0	0	0	0	0	1	1	0	0	1	1	0	1	0	1	1	1	1	0	0	1	0	1	1	0	1	0	1	1	0	0	1	1	0	1	0	1	0	0	1	0	0	1	0	1	1	0	0	1	1	1	1	1	0	0	0	1	0	1	0	1	0	1	1	0	1	1	1	0	1	0	0	0	0	0	0	0	1	0	0	1	1	0	1	0	0	0	1	0	0	0	0	1	0	0	0	0	0	0	0	1	0	1	0	0	0	0	0	1	0	0	0	1	1	0	1	0	0	0	0	0	1	1	0	0	0	0	0	1	0	0	1	0	1	0	0	0	0	0	0	1	0	0	0	0	0	0	0	0	0	0	0	0	0	0	0	0	1	0	0	0	0	0	0	0
BACasv49	0	1	0	0	1	1	1	1	0	0	0	0	1	0	1	1	0	0	1	1	1	0	0	1	1	1	0	0	0	0	0	0	0	1	0	0	0	0	0	0	0	1	1	0	0	1	1	0	1	0	1	1	1	1	0	0	1	0	1	1	0	1	0	1	1	0	0	1	1	0	1	0	1	0	0	1	0	0	1	0	1	1	0	0	1	1	1	1	1	0	0	0	1	0	1	0	1	0	1	1	0	1	1	1	0	1	0	0	0	0	0	0	0	1	0	0	1	1	0	1	0	0	0	1	0	0	0	0	1	0	0	0	0	0	0	0	1	0	1	0	0	0	0	0	1	0	0	0	1	1	0	1	0	0	0	0	0	1	1	0	0	0	0	0	1	0	0	1	0	1	0	0	0	0	0	0	1	0	0	0	0	0	0	0	0	0	0	0	0	0	0	0	0	1	0	0	0	0	0	0	0
BACasv50	0	0	1	0	0	0	0	0	0	0	0	0	0	1	0	0	0	0	0	0	0	0	0	0	0	0	0	0	0	0	0	0	0	0	0	0	0	0	0	0	0	0	0	0	0	0	0	0	0	0	0	0	0	0	0	0	0	1	0	0	0	0	0	0	0	0	0	0	0	0	0	0	0	0	0	0	0	0	0	0	0	0	0	0	0	0	0	0	0	0	0	0	0	0	0	0	0	0	0	0	0	0	0	0	0	0	0	0	0	0	0	0	0	0	0	0	0	0	0	0	0	0	0	0	0	0	0	0	0	0	0	0	0	0	0	0	0	0	0	0	0	0	0	0	0	0	0	0	0	0	0	0	0	0	0	0	0	0	0	0	0	0	0	0	0	0	0	0	0	0	0	0	0	0	0	0	0	0	0	0	0	0	0	0	0	0	0	0	0	0	0	0	0	0	0	0	0	0	0	0	0
BACasv53	0	0	0	0	0	0	0	0	0	0	0	0	0	0	0	0	0	0	0	0	0	0	1	0	0	0	0	0	0	0	0	0	0	0	0	0	0	0	0	0	0	0	0	0	0	0	0	0	0	0	0	0	0	0	0	0	0	0	0	0	0	0	0	0	0	0	0	0	0	0	0	0	0	0	0	0	0	0	0	0	0	0	0	0	0	0	0	0	0	0	0	0	0	0	0	0	0	0	0	0	0	0	0	0	0	0	0	0	0	0	0	0	0	0	0	0	0	0	0	0	0	0	0	0	0	0	0	0	0	0	0	0	0	0	0	0	0	0	0	0	0	0	0	0	0	0	0	0	0	0	0	0	0	0	0	0	0	0	0	0	0	0	0	0	0	0	0	0	0	0	0	0	0	0	0	0	0	0	0	0	0	0	0	0	0	0	0	0	0	0	0	0	0	0	0	0	0	0	0	0	0
BACasv54	0	0	0	0	0	0	0	0	0	0	0	0	0	0	0	0	0	0	0	0	0	0	0	0	0	0	0	0	0	0	0	0	0	0	0	0	0	0	0	0	1	0	0	0	0	0	0	0	0	0	0	0	0	0	0	0	0	0	0	0	0	0	0	0	0	0	0	0	0	0	0	0	0	0	0	0	0	0	0	0	0	0	0	0	0	0	0	0	0	0	0	0	0	0	0	0	0	0	0	0	0	0	0	0	0	0	0	0	0	0	0	0	0	0	0	0	0	0	0	0	0	0	0	0	0	0	0	0	0	0	0	0	0	0	0	0	0	0	0	0	0	0	0	0	0	0	0	0	0	0	0	0	0	0	0	0	0	0	0	0	0	0	0	0	0	0	0	0	0	0	0	0	0	0	0	0	0	0	0	0	0	0	0	0	0	0	0	0	0	0	0	0	0	0	0	0	0	0	0	0	0
BACasv56	0	0	0	0	0	0	0	0	0	0	0	0	0	0	0	0	0	0	0	0	0	0	0	0	0	0	0	0	0	0	0	0	0	0	0	0	0	0	0	0	0	0	0	0	0	0	0	0	0	0	0	0	0	0	0	0	0	0	0	0	1	0	0	0	0	0	0	0	0	0	0	0	0	0	0	0	0	0	0	0	0	0	0	0	0	0	0	0	0	0	0	0	0	0	0	0	0	0	0	0	0	0	0	0	0	0	0	0	0	0	0	0	0	0	0	0	0	0	0	0	0	0	0	0	0	0	0	0	0	0	0	0	0	0	0	0	0	0	0	0	0	0	0	0	0	0	0	0	0	0	0	0	0	0	0	0	0	0	0	0	0	0	0	0	0	0	1	0	0	0	0	0	0	0	0	0	0	0	0	0	0	0	0	0	0	0	0	0	0	0	0	0	0	0	0	0	0	0	0	0	0
BACasv58	1	0	0	0	0	0	0	0	0	0	0	0	0	0	0	0	0	0	0	0	0	0	0	0	0	0	0	0	0	0	0	0	0	0	0	0	0	0	0	0	1	0	0	0	0	0	0	0	0	0	0	0	0	0	0	0	0	0	0	0	0	0	0	0	0	1	0	0	0	0	0	0	0	0	0	0	0	0	0	0	0	0	0	0	0	0	0	0	0	0	0	0	0	0	0	0	0	0	0	0	0	0	0	0	0	0	0	0	0	0	0	0	0	0	0	0	0	0	0	0	0	0	0	0	0	0	0	0	0	0	0	0	0	0	0	0	0	0	0	0	0	0	0	0	0	0	0	0	0	0	0	0	0	0	0	0	0	0	0	0	0	0	0	0	0	0	0	0	0	0	0	0	0	0	0	0	0	0	0	0	0	0	0	0	0	0	0	0	0	0	0	0	0	0	0	0	0	0	0	0	0
BACasv60	1	0	0	0	0	0	0	0	1	0	0	0	0	0	0	0	0	0	0	0	0	0	0	0	0	0	0	0	0	0	0	0	0	0	0	0	0	1	0	1	0	0	0	0	0	0	0	0	0	0	0	0	0	0	0	0	0	0	0	0	0	0	0	0	0	0	0	0	0	0	0	0	0	0	0	0	0	0	0	0	0	0	0	0	0	0	0	0	0	0	0	0	0	0	0	0	0	0	0	0	0	0	0	0	0	0	0	0	0	0	0	0	0	0	0	0	0	0	0	0	1	0	0	0	0	0	0	0	0	0	0	0	0	0	0	0	0	0	0	0	0	0	0	0	0	0	0	0	0	0	0	0	0	0	0	0	0	0	0	0	0	0	0	0	0	0	0	0	0	0	0	0	0	0	0	0	0	0	0	0	0	0	0	0	0	0	0	0	0	0	0	0	0	0	0	0	0	0	0	0	0
BACasv61	0	1	0	0	1	1	1	1	0	0	0	0	1	0	1	1	0	0	1	1	1	0	0	1	1	1	0	0	0	0	0	0	0	1	1	0	0	0	0	0	0	0	1	0	0	1	1	0	1	0	1	1	1	1	0	0	1	0	1	1	0	1	0	1	1	0	0	1	1	0	1	0	1	0	0	1	0	0	1	0	1	1	0	0	1	1	1	1	1	0	0	0	1	0	1	0	1	0	1	1	0	1	1	1	0	1	0	0	0	0	0	0	0	1	0	0	1	1	0	1	0	0	0	1	0	0	0	0	1	0	0	0	0	0	0	0	1	0	1	0	0	0	0	0	1	0	0	0	1	1	0	1	0	0	0	0	0	1	1	0	0	0	0	0	1	0	0	1	0	1	0	0	0	0	0	0	1	0	0	0	0	0	0	0	0	0	0	0	0	0	0	0	0	1	0	0	0	0	0	0	0
BACasv65	0	1	0	0	1	1	1	1	0	0	0	0	1	0	1	1	0	0	1	1	1	0	0	1	1	1	0	0	0	0	0	0	0	1	1	0	0	0	0	0	0	1	0	0	0	1	1	0	1	0	1	1	1	1	0	0	1	0	1	1	0	1	0	1	1	0	0	1	1	0	1	0	1	0	0	1	0	0	1	0	1	1	0	0	1	1	1	1	1	0	0	0	1	0	1	0	1	0	1	1	0	1	1	1	0	1	0	0	0	0	0	0	0	1	0	0	1	1	0	1	0	0	0	1	0	0	0	0	1	0	0	0	0	0	0	0	1	0	1	0	0	0	0	0	1	0	0	0	1	1	0	1	0	0	0	0	0	1	1	0	0	0	0	0	1	0	0	1	0	1	0	0	0	0	0	0	1	0	0	0	0	0	0	0	0	0	0	0	0	0	0	0	0	1	0	0	0	0	0	0	0
BACasv66	0	0	0	0	0	0	0	0	0	1	0	0	0	0	0	0	0	0	0	0	0	0	0	0	0	0	0	0	0	0	0	0	0	0	0	0	0	0	0	0	0	0	0	0	0	0	0	0	0	1	0	0	0	0	0	0	0	0	0	0	0	0	1	0	0	0	0	0	0	0	0	0	0	0	0	0	0	0	0	1	0	0	0	0	0	0	0	0	0	0	1	0	0	1	0	0	0	0	0	0	1	0	0	0	1	0	1	1	0	1	1	0	0	0	1	1	0	0	1	0	0	0	1	0	1	0	0	0	0	1	0	1	0	0	1	1	0	1	0	1	0	0	1	1	0	1	0	1	0	0	1	0	0	0	1	1	1	0	0	1	1	1	1	1	0	1	0	0	1	0	1	1	1	1	1	1	0	1	1	1	1	1	1	1	1	1	1	1	0	1	1	1	1	0	1	1	1	1	1	1	1
BACasv67	0	0	0	0	0	0	0	0	0	0	0	0	0	0	0	0	0	0	0	0	0	0	0	0	0	0	0	1	0	0	0	0	0	0	0	0	0	0	0	0	0	0	0	0	0	0	0	0	0	0	0	0	0	0	0	0	0	0	0	0	0	0	0	0	0	0	0	0	0	0	0	0	0	0	0	0	0	0	0	0	0	0	0	0	0	0	0	0	0	0	0	0	0	0	0	0	0	0	0	0	0	0	0	0	0	0	0	0	0	0	0	0	0	0	0	0	0	0	0	0	0	0	0	0	0	0	0	0	0	0	0	0	0	0	0	0	0	0	0	0	0	0	0	0	0	0	0	0	0	0	0	0	0	0	0	0	0	0	0	0	0	0	0	0	0	0	0	0	0	0	0	0	0	0	0	0	0	0	0	0	0	0	0	0	0	0	0	0	0	0	0	0	0	0	0	0	0	0	0	0	0
BACasv69	0	1	0	0	1	1	1	1	0	0	0	0	1	0	1	1	0	0	1	1	1	0	0	1	1	1	0	0	0	0	0	0	0	1	1	0	0	0	0	0	0	1	1	0	0	0	1	0	1	0	1	1	1	1	0	0	1	0	1	1	0	1	0	1	1	0	0	1	1	0	1	0	1	0	0	1	0	0	1	0	1	1	0	0	1	1	1	1	1	0	0	0	1	0	1	0	1	0	1	1	0	1	1	1	0	1	0	0	0	0	0	0	0	1	0	0	1	1	0	1	0	0	0	1	0	0	0	0	1	0	0	0	0	0	0	0	1	0	1	0	0	0	0	0	1	0	0	0	1	1	0	1	0	0	0	0	0	1	1	0	0	0	0	0	1	0	0	1	0	1	0	0	0	0	0	0	1	0	0	0	0	0	0	0	0	0	0	0	0	0	0	0	0	1	0	0	0	0	0	0	0
BACasv71	0	1	0	0	1	1	1	1	0	0	0	0	1	0	1	1	0	0	1	1	1	0	0	1	1	1	0	0	0	0	0	0	0	1	1	0	0	0	0	0	0	1	1	0	0	1	0	0	1	0	1	1	1	1	0	0	1	0	1	1	0	1	0	1	1	0	0	1	1	0	1	0	1	0	0	1	0	0	1	0	1	1	0	0	1	1	1	1	1	0	0	0	1	0	1	0	1	0	1	1	0	1	1	1	0	1	0	0	0	0	0	0	0	1	0	0	1	1	0	1	0	0	0	1	0	0	0	0	1	0	0	0	0	0	0	0	1	0	1	0	0	0	0	0	1	0	0	0	1	1	0	1	0	0	0	0	0	1	1	0	0	0	0	0	1	0	0	1	0	1	0	0	0	0	0	0	1	0	0	0	0	0	0	0	0	0	0	0	0	0	0	0	0	1	0	0	0	0	0	0	0
BACasv72	0	0	0	0	0	0	0	0	0	0	0	0	0	0	0	0	0	0	0	0	0	0	0	0	0	0	0	0	0	0	0	0	0	0	0	0	0	0	0	0	0	0	0	0	0	0	0	0	0	0	0	0	0	0	0	0	0	0	0	0	0	0	0	0	0	0	0	0	0	0	0	0	0	0	0	0	0	0	0	0	0	0	0	0	0	0	0	0	0	0	0	0	0	0	0	0	0	0	0	0	0	0	0	0	0	0	0	0	0	0	0	0	0	0	0	0	0	0	0	0	0	0	0	0	0	0	0	0	0	0	0	0	0	0	0	0	0	0	0	0	1	0	0	0	0	0	0	0	0	0	0	0	0	0	0	0	0	0	0	0	0	0	0	0	0	0	0	0	0	0	0	0	0	0	0	0	0	0	0	0	0	0	0	0	0	0	0	0	0	0	0	0	0	0	0	0	0	0	0	0	0
BACasv73	0	1	0	0	1	1	1	1	0	0	0	0	1	0	1	1	0	0	1	1	1	0	0	1	1	1	0	0	0	0	0	0	0	1	1	0	0	0	0	0	0	1	1	0	0	1	1	0	0	0	1	1	1	1	0	0	1	0	1	1	0	1	0	1	1	0	0	1	1	0	1	0	1	0	0	1	0	0	1	0	1	1	0	0	1	1	1	1	1	0	0	0	1	0	1	0	1	0	1	1	0	1	1	1	0	1	0	0	0	0	0	0	0	1	0	0	1	1	0	1	0	0	0	1	0	0	0	0	1	0	0	0	0	0	0	0	1	0	1	0	0	0	0	0	1	0	0	0	1	1	0	1	0	0	0	0	0	1	1	0	0	0	0	0	1	0	0	1	0	1	0	0	0	0	0	0	1	0	0	0	0	0	0	0	0	0	0	0	0	0	0	0	0	1	0	0	0	0	0	0	0
BACasv75	0	0	0	0	0	0	0	0	0	1	0	0	0	0	0	0	0	0	0	0	0	0	0	0	0	0	0	0	0	0	0	0	0	0	0	0	0	0	0	0	0	0	0	1	0	0	0	0	0	0	0	0	0	0	0	0	0	0	0	0	0	0	1	0	0	0	0	0	0	0	0	0	0	0	0	0	0	0	0	1	0	0	0	0	0	0	0	0	0	0	1	0	0	1	0	0	0	0	0	0	1	0	0	0	1	0	1	1	0	1	1	0	0	0	1	1	0	0	1	0	0	0	1	0	1	0	0	0	0	1	0	1	0	0	1	1	0	1	0	1	0	0	1	1	0	1	0	1	0	0	1	0	0	0	1	1	1	0	0	1	1	1	1	1	0	1	0	0	1	0	1	1	1	1	1	1	0	1	1	1	1	1	1	1	1	1	1	1	0	1	1	1	1	0	1	1	1	1	1	1	1
BACasv76	0	1	0	0	1	1	1	1	0	0	0	0	1	0	1	1	0	0	1	1	1	0	0	1	1	1	0	0	0	0	0	0	0	1	1	0	0	0	0	0	0	1	1	0	0	1	1	0	1	0	0	1	1	1	0	0	1	0	1	1	0	1	0	1	1	0	0	1	1	0	1	0	1	0	0	1	0	0	1	0	1	1	0	0	1	1	1	1	1	0	0	0	1	0	1	0	1	0	1	1	0	1	1	1	0	1	0	0	0	0	0	0	0	1	0	0	1	1	0	1	0	0	0	1	0	0	0	0	1	0	0	0	0	0	0	0	1	0	1	0	0	0	0	0	1	0	0	0	1	1	0	1	0	0	0	0	0	1	1	0	0	0	0	0	1	0	0	1	0	1	0	0	0	0	0	0	1	0	0	0	0	0	0	0	0	0	0	0	0	0	0	0	0	1	0	0	0	0	0	0	0
BACasv77	0	1	0	0	1	1	1	1	0	0	0	0	1	0	1	1	0	0	1	1	1	0	0	1	1	1	0	0	0	0	0	0	0	1	1	0	0	0	0	0	0	1	1	0	0	1	1	0	1	0	1	0	1	1	0	0	1	0	1	1	0	1	0	1	1	0	0	1	1	0	1	0	1	0	0	1	0	0	1	0	1	1	0	0	1	1	1	1	1	0	0	0	1	0	1	0	1	0	1	1	0	1	1	1	0	1	0	0	0	0	0	0	0	1	0	0	1	1	0	1	0	0	0	1	0	0	0	0	1	0	0	0	0	0	0	0	1	0	1	0	0	0	0	0	1	0	0	0	1	1	0	1	0	0	0	0	0	1	1	0	0	0	0	0	1	0	0	1	0	1	0	0	0	0	0	0	1	0	0	0	0	0	0	0	0	0	0	0	0	0	0	0	0	1	0	0	0	0	0	0	0
BACasv78	0	1	0	0	1	1	1	1	0	0	0	0	1	0	1	1	0	0	1	1	1	0	0	1	1	1	0	0	0	0	0	0	0	1	1	0	0	0	0	0	0	1	1	0	0	1	1	0	1	0	1	1	0	1	0	0	1	0	1	1	0	1	0	1	1	0	0	1	1	0	1	0	1	0	0	1	0	0	1	0	1	1	0	0	1	1	1	1	1	0	0	0	1	0	1	0	1	0	1	1	0	1	1	1	0	1	0	0	0	0	0	0	0	1	0	0	1	1	0	1	0	0	0	1	0	0	0	0	1	0	0	0	0	0	0	0	1	0	1	0	0	0	0	0	1	0	0	0	1	1	0	1	0	0	0	0	0	1	1	0	0	0	0	0	1	0	0	1	0	1	0	0	0	0	0	0	1	0	0	0	0	0	0	0	0	0	0	0	0	0	0	0	0	1	0	0	0	0	0	0	0
BACasv80	0	1	0	0	1	1	1	1	0	0	0	0	1	0	1	1	0	0	1	1	1	0	0	1	1	1	0	0	0	0	0	0	0	1	1	0	0	0	0	0	0	1	1	0	0	1	1	0	1	0	1	1	1	0	0	0	1	0	1	1	0	1	0	1	1	0	0	1	1	0	1	0	1	0	0	1	0	0	1	0	1	1	0	0	1	1	1	1	1	0	0	0	1	0	1	0	1	0	1	1	0	1	1	1	0	1	0	0	0	0	0	0	0	1	0	0	1	1	0	1	0	0	0	1	0	0	0	0	1	0	0	0	0	0	0	0	1	0	1	0	0	0	0	0	1	0	0	0	1	1	0	1	0	0	0	0	0	1	1	0	0	0	0	0	1	0	0	1	0	1	0	0	0	0	0	0	1	0	0	0	0	0	0	0	0	0	0	0	0	0	0	0	0	1	0	0	0	0	0	0	0
BACasv84	0	0	0	0	0	0	0	0	0	0	0	1	0	0	0	0	0	0	0	0	0	0	0	0	0	0	0	0	0	0	0	0	0	0	0	0	0	0	0	0	0	0	0	0	0	0	0	0	0	0	0	0	0	0	0	0	0	0	0	0	0	0	0	0	0	0	0	0	0	0	0	0	0	0	0	0	0	0	0	0	0	0	0	0	0	0	0	0	0	0	0	0	0	0	0	0	0	0	0	0	0	0	0	0	0	0	0	0	0	0	0	0	0	0	0	0	0	0	0	0	0	0	0	0	0	0	0	0	0	0	0	0	0	0	0	0	0	0	0	0	0	0	0	0	0	0	0	0	0	0	0	0	0	0	0	0	0	0	0	0	0	0	0	0	0	0	0	0	0	0	0	0	0	0	0	0	0	0	0	0	0	0	0	0	0	0	0	0	0	0	0	0	0	0	0	0	0	0	0	0	0
BACasv87	0	0	0	0	0	0	0	0	0	0	0	0	0	0	0	0	0	0	0	0	0	0	0	0	0	0	0	0	0	0	0	0	0	0	0	0	0	0	0	0	0	0	0	0	0	0	0	0	0	0	0	0	0	0	0	0	0	0	0	0	0	0	0	0	0	0	0	0	0	0	0	1	0	0	1	0	0	0	0	0	0	0	0	0	0	0	0	0	0	0	0	0	0	0	0	0	0	0	0	0	0	0	0	0	0	0	0	0	0	0	0	0	0	0	0	0	0	0	0	0	0	0	0	0	0	0	0	0	0	0	0	0	0	0	0	0	0	0	0	0	0	0	0	0	0	0	0	0	0	0	0	0	0	0	0	0	0	0	0	0	0	0	0	0	0	0	0	0	0	0	0	0	0	0	0	0	0	0	0	0	0	0	0	0	0	0	0	0	0	0	0	0	0	0	0	0	0	0	0	0	0
BACasv89	0	1	0	0	1	1	1	1	0	0	0	0	1	0	1	1	0	0	1	1	1	0	0	1	1	1	0	0	0	0	0	0	0	1	1	0	0	0	0	0	0	1	1	0	0	1	1	0	1	0	1	1	1	1	0	0	0	0	1	1	0	1	0	1	1	0	0	1	1	0	1	0	1	0	0	1	0	0	1	0	1	1	0	0	1	1	1	1	1	0	0	0	1	0	1	0	1	0	1	1	0	1	1	1	0	1	0	0	0	0	0	0	0	1	0	0	1	1	0	1	0	0	0	1	0	0	0	0	1	0	0	0	0	0	0	0	1	0	1	0	0	0	0	0	1	0	0	0	1	1	0	1	0	0	0	0	0	1	1	0	0	0	0	0	1	0	0	1	0	1	0	0	0	0	0	0	1	0	0	0	0	0	0	0	0	0	0	0	0	0	0	0	0	1	0	0	0	0	0	0	0
BACasv90	0	0	0	0	0	0	0	0	0	0	0	0	0	1	0	0	0	0	0	0	0	0	0	0	0	0	0	0	0	0	0	0	0	0	0	1	0	0	0	0	0	0	0	0	0	0	0	0	0	0	0	0	0	0	0	0	0	0	0	0	0	0	0	0	0	0	0	0	0	0	0	0	0	0	0	0	0	0	0	0	0	0	0	0	0	0	0	0	0	0	0	0	0	0	0	0	0	1	0	0	0	0	0	0	0	0	0	0	0	0	0	0	0	0	0	0	0	0	0	0	0	0	0	0	0	0	0	0	0	0	0	0	0	0	0	0	0	0	0	0	0	0	0	0	0	0	0	0	0	0	0	0	0	0	0	0	0	0	0	0	0	0	0	0	0	0	0	0	0	0	0	0	0	0	0	0	0	0	0	0	0	0	0	0	0	0	0	0	0	0	0	0	0	0	0	0	0	0	0	0	0
BACasv92	0	1	0	0	1	1	1	1	0	0	0	0	1	0	1	1	0	0	1	1	1	0	0	1	1	1	0	0	0	0	0	0	0	1	1	0	0	0	0	0	0	1	1	0	0	1	1	0	1	0	1	1	1	1	0	0	1	0	0	1	0	1	0	1	1	0	0	1	1	0	1	0	1	0	0	1	0	0	1	0	1	1	0	0	1	1	1	1	1	0	0	0	1	0	1	0	1	0	1	1	0	1	1	1	0	1	0	0	0	0	0	0	0	1	0	0	1	1	0	1	0	0	0	1	0	0	0	0	1	0	0	0	0	0	0	0	1	0	1	0	0	0	0	0	1	0	0	0	1	1	0	1	0	0	0	0	0	1	1	0	0	0	0	0	1	0	0	1	0	1	0	0	0	0	0	0	1	0	0	0	0	0	0	0	0	0	0	0	0	0	0	0	0	1	0	0	0	0	0	0	0
BACasv93	0	1	0	0	1	1	1	1	0	0	0	0	1	0	1	1	0	0	1	1	1	0	0	1	1	1	0	0	0	0	0	0	0	1	1	0	0	0	0	0	0	1	1	0	0	1	1	0	1	0	1	1	1	1	0	0	1	0	1	0	0	1	0	1	1	0	0	1	1	0	1	0	1	0	0	1	0	0	1	0	1	1	0	0	1	1	1	1	1	0	0	0	1	0	1	0	1	0	1	1	0	1	1	1	0	1	0	0	0	0	0	0	0	1	0	0	1	1	0	1	0	0	0	1	0	0	0	0	1	0	0	0	0	0	0	0	1	0	1	0	0	0	0	0	1	0	0	0	1	1	0	1	0	0	0	0	0	1	1	0	0	0	0	0	1	0	0	1	0	1	0	0	0	0	0	0	1	0	0	0	0	0	0	0	0	0	0	0	0	0	0	0	0	1	0	0	0	0	0	0	0
BACasv94	0	0	0	0	0	0	0	0	0	0	0	0	0	0	0	0	0	0	0	0	0	0	0	0	0	0	0	0	0	0	0	0	0	0	0	0	0	0	1	0	0	0	0	0	0	0	0	0	0	0	0	0	0	0	0	0	0	0	0	0	0	0	0	0	0	0	0	0	0	0	0	0	0	0	0	0	0	0	0	0	0	0	0	0	0	0	0	0	0	0	0	1	0	0	0	0	0	0	0	0	0	0	0	0	0	0	0	0	0	0	0	0	0	0	0	0	0	0	0	0	0	0	0	0	0	0	1	0	0	0	0	0	0	0	0	0	0	0	0	0	0	0	0	0	0	0	0	0	0	0	0	0	0	0	0	0	0	0	0	0	0	0	0	0	0	0	1	0	0	0	0	0	0	0	0	0	0	0	0	0	0	0	0	0	0	0	0	0	0	0	0	0	0	0	0	0	0	0	0	0	0
BACasv96	0	1	0	0	1	1	1	1	0	0	0	0	1	0	1	1	0	0	1	1	1	0	0	1	1	1	0	0	0	0	0	0	0	1	1	0	0	0	0	0	0	1	1	0	0	1	1	0	1	0	1	1	1	1	0	0	1	0	1	1	0	0	0	1	1	0	0	1	1	0	1	0	1	0	0	1	0	0	1	0	1	1	0	0	1	1	1	1	1	0	0	0	1	0	1	0	1	0	1	1	0	1	1	1	0	1	0	0	0	0	0	0	0	1	0	0	1	1	0	1	0	0	0	1	0	0	0	0	1	0	0	0	0	0	0	0	1	0	1	0	0	0	0	0	1	0	0	0	1	1	0	1	0	0	0	0	0	1	1	0	0	0	0	0	1	0	0	1	0	1	0	0	0	0	0	0	1	0	0	0	0	0	0	0	0	0	0	0	0	0	0	0	0	1	0	0	0	0	0	0	0
BACasv97	0	0	0	0	0	0	0	0	0	1	0	0	0	0	0	0	0	0	0	0	0	0	0	0	0	0	0	0	0	0	0	0	0	0	0	0	0	0	0	0	0	0	0	1	0	0	0	0	0	1	0	0	0	0	0	0	0	0	0	0	0	0	0	0	0	0	0	0	0	0	0	0	0	0	0	0	0	0	0	1	0	0	0	0	0	0	0	0	0	0	1	0	0	1	0	0	0	0	0	0	1	0	0	0	1	0	1	1	0	1	1	0	0	0	1	1	0	0	1	0	0	0	1	0	1	0	0	0	0	1	0	1	0	0	1	1	0	1	0	1	0	0	1	1	0	1	0	1	0	0	1	0	0	0	1	1	1	0	0	1	1	1	1	1	0	1	0	0	1	0	1	1	1	1	1	1	0	1	1	1	1	1	1	1	1	1	1	1	0	1	1	1	1	0	1	1	1	1	1	1	1
BACasv99	0	1	0	0	1	1	1	1	0	0	0	0	1	0	1	1	0	0	1	1	1	0	0	1	1	1	0	0	0	0	0	0	0	1	1	0	0	0	0	0	0	1	1	0	0	1	1	0	1	0	1	1	1	1	0	0	1	0	1	1	0	1	0	0	1	0	0	1	1	0	1	0	1	0	0	1	0	0	1	0	1	1	0	0	1	1	1	1	1	0	0	0	1	0	1	0	1	0	1	1	0	1	1	1	0	1	0	0	0	0	0	0	0	1	0	0	1	1	0	1	0	0	0	1	0	0	0	0	1	0	0	0	0	0	0	0	1	0	1	0	0	0	0	0	1	0	0	0	1	1	0	1	0	0	0	0	0	1	1	0	0	0	0	0	1	0	0	1	0	1	0	0	0	0	0	0	1	0	0	0	0	0	0	0	0	0	0	0	0	0	0	0	0	1	0	0	0	0	0	0	0
BACasv100	0	1	0	0	1	1	1	1	0	0	0	0	1	0	1	1	0	0	1	1	1	0	0	1	1	1	0	0	0	0	0	0	0	1	1	0	0	0	0	0	0	1	1	0	0	1	1	0	1	0	1	1	1	1	0	0	1	0	1	1	0	1	0	1	0	0	0	1	1	0	1	0	1	0	0	1	0	0	1	0	1	1	0	0	1	1	1	1	1	0	0	0	1	0	1	0	1	0	1	1	0	1	1	1	0	1	0	0	0	0	0	0	0	1	0	0	1	1	0	1	0	0	0	1	0	0	0	0	1	0	0	0	0	0	0	0	1	0	1	0	0	0	0	0	1	0	0	0	1	1	0	1	0	0	0	0	0	1	1	0	0	0	0	0	1	0	0	1	0	1	0	0	0	0	0	0	1	0	0	0	0	0	0	0	0	0	0	0	0	0	0	0	0	1	0	0	0	0	0	0	0
BACasv101	1	0	0	0	0	0	0	0	1	0	0	0	0	0	0	0	0	0	0	0	0	0	0	0	0	0	0	0	0	0	1	0	0	0	0	0	0	0	0	1	0	0	0	0	0	0	0	0	0	0	0	0	0	0	0	0	0	0	0	0	0	0	0	0	0	0	0	0	0	0	0	0	0	0	0	0	0	0	0	0	0	0	0	0	0	0	0	0	0	0	0	0	0	0	0	0	0	0	0	0	0	0	0	0	0	0	0	0	0	0	0	0	0	0	0	0	0	0	0	0	0	0	0	0	0	0	0	0	0	0	0	0	1	0	0	0	0	0	0	0	0	0	0	0	0	0	0	0	0	0	0	0	0	0	0	0	0	0	0	0	0	0	0	0	0	0	0	0	0	0	0	0	0	0	0	0	0	0	0	0	0	0	0	0	0	0	0	0	0	0	0	0	0	0	0	0	0	0	0	0	0
BACasv102	0	0	0	0	0	0	0	0	0	0	0	0	0	0	0	0	0	0	0	0	0	0	0	0	0	0	0	0	0	0	0	0	0	0	0	0	0	0	0	0	0	0	0	0	0	0	0	0	0	0	0	0	0	0	0	0	0	0	0	0	0	0	0	0	0	0	0	0	0	0	0	0	0	0	0	0	0	1	0	0	0	0	0	0	0	0	0	0	0	0	0	0	0	0	0	0	0	0	0	0	0	0	0	0	0	0	0	0	0	0	0	0	0	0	0	0	0	0	0	0	0	0	0	0	0	0	0	1	0	0	0	0	0	0	0	0	0	0	0	0	0	0	0	0	0	0	0	0	0	0	0	0	0	0	0	0	0	0	0	0	0	0	0	0	0	0	0	0	0	0	0	0	0	0	0	0	0	0	0	0	0	0	0	0	0	0	0	0	0	0	0	0	0	0	0	0	0	0	0	0	0
BACasv105	0	1	0	0	1	1	1	1	0	0	0	0	1	0	1	1	0	0	1	1	1	0	0	1	1	1	0	0	0	0	0	0	0	1	1	0	0	0	0	0	0	1	1	0	0	1	1	0	1	0	1	1	1	1	0	0	1	0	1	1	0	1	0	1	1	0	0	0	1	0	1	0	1	0	0	1	0	0	1	0	1	1	0	0	1	1	1	1	1	0	0	0	1	0	1	0	1	0	1	1	0	1	1	1	0	1	0	0	0	0	0	0	0	1	0	0	1	1	0	1	0	0	0	1	0	0	0	0	1	0	0	0	0	0	0	0	1	0	1	0	0	0	0	0	1	0	0	0	1	1	0	1	0	0	0	0	0	1	1	0	0	0	0	0	1	0	0	1	0	1	0	0	0	0	0	0	1	0	0	0	0	0	0	0	0	0	0	0	0	0	0	0	0	1	0	0	0	0	0	0	0
BACasv106	0	1	0	0	1	1	1	1	0	0	0	0	1	0	1	1	0	0	1	1	1	0	0	1	1	1	0	0	0	0	0	0	0	1	1	0	0	0	0	0	0	1	1	0	0	1	1	0	1	0	1	1	1	1	0	0	1	0	1	1	0	1	0	1	1	0	0	1	0	0	1	0	1	0	0	1	0	0	1	0	1	1	0	0	1	1	1	1	1	0	0	0	1	0	1	0	1	0	1	1	0	1	1	1	0	1	0	0	0	0	0	0	0	1	0	0	1	1	0	1	0	0	0	1	0	0	0	0	1	0	0	0	0	0	0	0	1	0	1	0	0	0	0	0	1	0	0	0	1	1	0	1	0	0	0	0	0	1	1	0	0	0	0	0	1	0	0	1	0	1	0	0	0	0	0	0	1	0	0	0	0	0	0	0	0	0	0	0	0	0	0	0	0	1	0	0	0	0	0	0	0
BACasv112	0	0	0	0	0	0	0	0	0	0	0	0	0	0	0	0	0	0	0	0	0	0	0	0	0	0	0	0	0	0	0	0	0	0	0	0	0	0	0	0	0	0	0	0	0	0	0	0	0	0	0	0	0	0	0	0	0	0	0	0	0	0	0	0	0	0	0	0	0	0	0	0	0	0	0	0	0	0	0	0	0	0	0	0	0	0	0	0	0	0	0	0	0	0	0	0	0	0	0	0	0	0	0	0	0	0	0	0	0	0	0	0	0	0	0	0	0	0	0	0	0	0	0	0	0	0	0	0	0	0	0	0	0	0	0	0	0	0	0	0	0	0	0	0	0	0	0	0	0	0	0	0	1	0	0	0	0	0	0	0	0	0	0	0	0	0	0	0	0	0	0	0	0	0	0	0	0	0	0	0	0	0	0	0	0	0	0	0	0	0	0	0	0	0	0	0	0	0	0	0	0
BACasv114	0	1	0	0	1	1	1	1	0	0	0	0	1	0	1	1	0	0	1	1	1	0	0	1	1	1	0	0	0	0	0	0	0	1	1	0	0	0	0	0	0	1	1	0	0	1	1	0	1	0	1	1	1	1	0	0	1	0	1	1	0	1	0	1	1	0	0	1	1	0	0	0	1	0	0	1	0	0	1	0	1	1	0	0	1	1	1	1	1	0	0	0	1	0	1	0	1	0	1	1	0	1	1	1	0	1	0	0	0	0	0	0	0	1	0	0	1	1	0	1	0	0	0	1	0	0	0	0	1	0	0	0	0	0	0	0	1	0	1	0	0	0	0	0	1	0	0	0	1	1	0	1	0	0	0	0	0	1	1	0	0	0	0	0	1	0	0	1	0	1	0	0	0	0	0	0	1	0	0	0	0	0	0	0	0	0	0	0	0	0	0	0	0	1	0	0	0	0	0	0	0
BACasv118	0	0	0	0	0	0	0	0	0	0	0	0	0	0	0	0	0	0	0	0	0	0	0	0	0	0	0	0	0	0	0	0	0	0	0	0	0	0	0	0	0	0	0	0	0	0	0	0	0	0	0	0	0	0	0	1	0	0	0	0	0	0	0	0	0	0	0	0	0	0	0	0	0	0	0	0	0	0	0	0	0	0	0	0	0	0	0	0	0	0	0	0	0	0	0	0	0	0	0	0	0	0	0	0	0	0	0	0	0	0	0	0	0	0	0	0	0	0	0	0	0	0	0	0	0	0	0	0	0	0	0	0	0	0	0	0	0	0	0	0	0	0	0	0	0	0	0	0	0	0	0	0	0	0	0	0	0	0	0	0	0	0	0	0	0	0	0	0	0	0	0	0	0	0	0	0	0	0	0	0	0	0	0	0	0	0	0	0	0	0	0	0	0	0	0	0	0	0	0	0	0
BACasv120	0	1	0	0	1	1	1	1	0	0	0	0	1	0	1	1	0	0	1	1	1	0	0	1	1	1	0	0	0	0	0	0	0	1	1	0	0	0	0	0	0	1	1	0	0	1	1	0	1	0	1	1	1	1	0	0	1	0	1	1	0	1	0	1	1	0	0	1	1	0	1	0	0	0	0	1	0	0	1	0	1	1	0	0	1	1	1	1	1	0	0	0	1	0	1	0	1	0	1	1	0	1	1	1	0	1	0	0	0	0	0	0	0	1	0	0	1	1	0	1	0	0	0	1	0	0	0	0	1	0	0	0	0	0	0	0	1	0	1	0	0	0	0	0	1	0	0	0	1	1	0	1	0	0	0	0	0	1	1	0	0	0	0	0	1	0	0	1	0	1	0	0	0	0	0	0	1	0	0	0	0	0	0	0	0	0	0	0	0	0	0	0	0	1	0	0	0	0	0	0	0
BACasv121	0	0	0	0	0	0	0	0	0	0	0	0	0	0	0	0	0	0	0	0	0	0	0	0	0	0	0	0	0	0	0	0	0	0	0	0	0	0	0	0	0	0	0	0	0	0	0	0	0	0	0	0	0	0	0	0	0	0	0	0	0	0	0	0	0	0	0	0	0	0	0	0	0	0	0	0	0	0	0	0	0	0	0	0	0	0	0	0	0	0	0	0	0	0	0	0	0	0	0	0	0	0	0	0	0	0	0	0	0	0	0	0	0	0	0	0	0	0	0	0	0	0	0	0	0	1	0	0	0	0	0	0	0	0	0	0	0	0	0	0	0	0	0	0	0	0	0	0	0	0	0	0	0	0	0	0	0	0	0	0	0	0	0	0	0	0	0	0	0	0	0	0	0	0	0	0	0	0	0	0	0	0	0	0	0	0	0	0	0	0	0	0	0	0	0	0	0	0	0	0	0
BACasv123	0	0	0	0	0	0	0	0	0	0	0	0	0	0	0	0	0	0	0	0	0	0	0	0	0	0	0	0	0	0	0	0	0	0	0	0	0	0	0	0	0	0	0	0	0	0	0	0	0	0	0	0	0	0	0	1	0	0	0	0	0	0	0	0	0	0	0	0	0	0	0	0	0	0	0	0	0	0	0	0	0	0	0	0	0	0	0	0	0	0	0	0	0	0	0	0	0	0	0	0	0	0	0	0	0	0	0	0	0	0	0	0	0	0	0	0	0	0	0	0	0	0	0	0	0	0	0	0	0	0	0	0	0	0	0	0	0	0	0	0	0	0	0	0	0	0	0	0	0	0	0	0	0	0	0	0	0	0	0	0	0	0	0	0	0	0	0	0	0	0	0	0	0	0	0	0	0	0	0	0	0	0	0	0	0	0	0	0	0	0	0	0	0	0	0	0	0	0	0	0	0
BACasv124	0	1	0	0	1	1	1	1	0	0	0	0	1	0	1	1	0	0	1	1	1	0	0	1	1	1	0	0	0	0	0	0	0	1	1	0	0	0	0	0	0	1	1	0	0	1	1	0	1	0	1	1	1	1	0	0	1	0	1	1	0	1	0	1	1	0	0	1	1	0	1	0	1	0	0	0	0	0	1	0	1	1	0	0	1	1	1	1	1	0	0	0	1	0	1	0	1	0	1	1	0	1	1	1	0	1	0	0	0	0	0	0	0	1	0	0	1	1	0	1	0	0	0	1	0	0	0	0	1	0	0	0	0	0	0	0	1	0	1	0	0	0	0	0	1	0	0	0	1	1	0	1	0	0	0	0	0	1	1	0	0	0	0	0	1	0	0	1	0	1	0	0	0	0	0	0	1	0	0	0	0	0	0	0	0	0	0	0	0	0	0	0	0	1	0	0	0	0	0	0	0
BACasv126	0	0	0	0	0	0	0	0	0	0	0	0	0	0	0	0	0	0	0	0	0	0	0	0	0	0	0	0	0	0	0	0	0	0	0	0	0	0	0	0	0	0	0	0	0	0	0	0	0	0	0	0	0	0	0	0	0	0	0	0	0	0	0	0	0	0	0	0	0	0	0	0	0	0	0	0	0	0	0	0	0	0	1	0	0	0	0	0	0	0	0	0	0	0	0	0	0	0	0	0	0	0	0	0	0	0	0	0	0	0	0	0	0	0	0	0	0	0	0	0	0	0	0	0	0	0	0	0	0	0	0	0	0	0	0	0	0	0	0	0	0	0	0	0	0	0	0	0	0	0	0	0	0	0	0	0	0	0	0	0	0	0	0	0	0	0	0	0	0	0	0	0	0	0	0	0	0	0	0	0	0	0	0	0	0	0	0	0	0	0	0	0	0	0	0	0	0	0	0	0	0
BACasv128	0	0	0	0	0	0	0	0	0	0	0	0	0	0	0	0	0	0	0	0	0	0	0	0	0	0	0	0	0	0	0	0	0	0	0	0	0	0	0	0	0	0	0	0	0	0	0	0	0	0	0	0	0	0	0	0	0	0	0	0	0	0	0	0	0	0	1	0	0	0	0	0	0	0	0	0	0	0	0	0	0	0	0	0	0	0	0	0	0	0	0	0	0	0	0	0	0	0	0	0	0	0	0	0	0	0	0	0	0	0	0	0	0	0	0	0	0	0	0	0	0	0	0	0	0	0	0	1	0	0	0	0	0	0	0	0	0	0	0	0	0	0	0	0	0	0	0	0	0	0	0	0	0	0	0	0	0	0	0	0	0	0	0	0	0	0	0	0	0	0	0	0	0	0	0	0	0	0	0	0	0	0	0	0	0	0	0	0	0	0	0	0	0	0	0	0	0	0	0	0	0
BACasv129	0	1	0	0	1	1	1	1	0	0	0	0	1	0	1	1	0	0	1	1	1	0	0	1	1	1	0	0	0	0	0	0	0	1	1	0	0	0	0	0	0	1	1	0	0	1	1	0	1	0	1	1	1	1	0	0	1	0	1	1	0	1	0	1	1	0	0	1	1	0	1	0	1	0	0	1	0	0	0	0	1	1	0	0	1	1	1	1	1	0	0	0	1	0	1	0	1	0	1	1	0	1	1	1	0	1	0	0	0	0	0	0	0	1	0	0	1	1	0	1	0	0	0	1	0	0	0	0	1	0	0	0	0	0	0	0	1	0	1	0	0	0	0	0	1	0	0	0	1	1	0	1	0	0	0	0	0	1	1	0	0	0	0	0	1	0	0	1	0	1	0	0	0	0	0	0	1	0	0	0	0	0	0	0	0	0	0	0	0	0	0	0	0	1	0	0	0	0	0	0	0
BACasv134	0	0	0	0	0	0	0	0	0	1	0	0	0	0	0	0	0	0	0	0	0	0	0	0	0	0	0	0	0	0	0	0	0	0	0	0	0	0	0	0	0	0	0	1	0	0	0	0	0	1	0	0	0	0	0	0	0	0	0	0	0	0	1	0	0	0	0	0	0	0	0	0	0	0	0	0	0	0	0	0	0	0	0	0	0	0	0	0	0	0	1	0	0	1	0	0	0	0	0	0	1	0	0	0	1	0	1	1	0	1	1	0	0	0	1	1	0	0	1	0	0	0	1	0	1	0	0	0	0	1	0	1	0	0	1	1	0	1	0	1	0	0	1	1	0	1	0	1	0	0	1	0	0	0	1	1	1	0	0	1	1	1	1	1	0	1	0	0	1	0	1	1	1	1	1	1	0	1	1	1	1	1	1	1	1	1	1	1	0	1	1	1	1	0	1	1	1	1	1	1	1
BACasv139	0	1	0	0	1	1	1	1	0	0	0	0	1	0	1	1	0	0	1	1	1	0	0	1	1	1	0	0	0	0	0	0	0	1	1	0	0	0	0	0	0	1	1	0	0	1	1	0	1	0	1	1	1	1	0	0	1	0	1	1	0	1	0	1	1	0	0	1	1	0	1	0	1	0	0	1	0	0	1	0	0	1	0	0	1	1	1	1	1	0	0	0	1	0	1	0	1	0	1	1	0	1	1	1	0	1	0	0	0	0	0	0	0	1	0	0	1	1	0	1	0	0	0	1	0	0	0	0	1	0	0	0	0	0	0	0	1	0	1	0	0	0	0	0	1	0	0	0	1	1	0	1	0	0	0	0	0	1	1	0	0	0	0	0	1	0	0	1	0	1	0	0	0	0	0	0	1	0	0	0	0	0	0	0	0	0	0	0	0	0	0	0	0	1	0	0	0	0	0	0	0
BACasv140	0	1	0	0	1	1	1	1	0	0	0	0	1	0	1	1	0	0	1	1	1	0	0	1	1	1	0	0	0	0	0	0	0	1	1	0	0	0	0	0	0	1	1	0	0	1	1	0	1	0	1	1	1	1	0	0	1	0	1	1	0	1	0	1	1	0	0	1	1	0	1	0	1	0	0	1	0	0	1	0	1	0	0	0	1	1	1	1	1	0	0	0	1	0	1	0	1	0	1	1	0	1	1	1	0	1	0	0	0	0	0	0	0	1	0	0	1	1	0	1	0	0	0	1	0	0	0	0	1	0	0	0	0	0	0	0	1	0	1	0	0	0	0	0	1	0	0	0	1	1	0	1	0	0	0	0	0	1	1	0	0	0	0	0	1	0	0	1	0	1	0	0	0	0	0	0	1	0	0	0	0	0	0	0	0	0	0	0	0	0	0	0	0	1	0	0	0	0	0	0	0
BACasv141	0	0	0	0	0	0	0	0	0	0	0	0	0	0	0	0	0	0	0	0	0	0	0	0	0	0	0	0	0	0	0	0	0	0	0	0	0	0	0	0	0	0	0	0	0	0	0	0	0	0	0	0	0	0	0	0	0	0	0	0	0	0	0	0	0	0	0	0	0	0	0	0	0	0	0	0	1	0	0	0	0	0	0	0	0	0	0	0	0	0	0	0	0	0	0	0	0	0	0	0	0	0	0	0	0	0	0	0	0	0	0	0	0	0	0	0	0	0	0	0	0	0	0	0	0	0	0	0	0	0	0	0	0	0	0	0	0	0	0	0	0	0	0	0	0	0	0	0	0	0	0	0	0	0	0	0	0	0	0	0	0	0	0	0	0	0	0	0	0	0	0	0	0	0	0	0	0	0	0	0	0	0	0	0	0	0	0	0	0	0	0	0	0	0	0	0	0	0	0	0	0
BACasv143	0	0	0	0	0	0	0	0	0	0	0	0	0	0	0	0	0	0	0	0	0	0	0	0	0	0	0	0	0	0	0	0	1	0	0	0	0	0	0	0	0	0	0	0	0	0	0	0	0	0	0	0	0	0	0	0	0	0	0	0	0	0	0	0	0	0	0	0	0	0	0	0	0	0	0	0	0	0	0	0	0	0	0	0	0	0	0	0	0	0	0	0	0	0	0	0	0	0	0	0	0	0	0	0	0	0	0	0	0	0	0	0	0	0	0	0	0	0	0	0	0	0	0	0	0	0	0	0	0	0	0	0	0	0	0	0	0	0	0	0	0	0	0	0	0	0	0	0	0	0	0	0	0	0	0	0	0	0	0	0	0	0	0	0	0	0	0	0	0	0	0	0	0	0	0	0	0	0	0	0	0	0	0	0	0	0	0	0	0	0	0	0	0	0	0	0	0	0	0	0	0
BACasv146	0	1	0	0	1	1	1	1	0	0	0	0	1	0	1	1	0	0	1	1	1	0	0	1	1	1	0	0	0	0	0	0	0	1	1	0	0	0	0	0	0	1	1	0	0	1	1	0	1	0	1	1	1	1	0	0	1	0	1	1	0	1	0	1	1	0	0	1	1	0	1	0	1	0	0	1	0	0	1	0	1	1	0	0	0	1	1	1	1	0	0	0	1	0	1	0	1	0	1	1	0	1	1	1	0	1	0	0	0	0	0	0	0	1	0	0	1	1	0	1	0	0	0	1	0	0	0	0	1	0	0	0	0	0	0	0	1	0	1	0	0	0	0	0	1	0	0	0	1	1	0	1	0	0	0	0	0	1	1	0	0	0	0	0	1	0	0	1	0	1	0	0	0	0	0	0	1	0	0	0	0	0	0	0	0	0	0	0	0	0	0	0	0	1	0	0	0	0	0	0	0
BACasv148	0	1	0	0	1	1	1	1	0	0	0	0	1	0	1	1	0	0	1	1	1	0	0	1	1	1	0	0	0	0	0	0	0	1	1	0	0	0	0	0	0	1	1	0	0	1	1	0	1	0	1	1	1	1	0	0	1	0	1	1	0	1	0	1	1	0	0	1	1	0	1	0	1	0	0	1	0	0	1	0	1	1	0	0	1	0	1	1	1	0	0	0	1	0	1	0	1	0	1	1	0	1	1	1	0	1	0	0	0	0	0	0	0	1	0	0	1	1	0	1	0	0	0	1	0	0	0	0	1	0	0	0	0	0	0	0	1	0	1	0	0	0	0	0	1	0	0	0	1	1	0	1	0	0	0	0	0	1	1	0	0	0	0	0	1	0	0	1	0	1	0	0	0	0	0	0	1	0	0	0	0	0	0	0	0	0	0	0	0	0	0	0	0	1	0	0	0	0	0	0	0
BACasv153	0	1	0	0	1	1	1	1	0	0	0	0	1	0	1	1	0	0	1	1	1	0	0	1	1	1	0	0	0	0	0	0	0	1	1	0	0	0	0	0	0	1	1	0	0	1	1	0	1	0	1	1	1	1	0	0	1	0	1	1	0	1	0	1	1	0	0	1	1	0	1	0	1	0	0	1	0	0	1	0	1	1	0	0	1	1	0	1	1	0	0	0	1	0	1	0	1	0	1	1	0	1	1	1	0	1	0	0	0	0	0	0	0	1	0	0	1	1	0	1	0	0	0	1	0	0	0	0	1	0	0	0	0	0	0	0	1	0	1	0	0	0	0	0	1	0	0	0	1	1	0	1	0	0	0	0	0	1	1	0	0	0	0	0	1	0	0	1	0	1	0	0	0	0	0	0	1	0	0	0	0	0	0	0	0	0	0	0	0	0	0	0	0	1	0	0	0	0	0	0	0
BACasv154	0	1	0	0	1	1	1	1	0	0	0	0	1	0	1	1	0	0	1	1	1	0	0	1	1	1	0	0	0	0	0	0	0	1	1	0	0	0	0	0	0	1	1	0	0	1	1	0	1	0	1	1	1	1	0	0	1	0	1	1	0	1	0	1	1	0	0	1	1	0	1	0	1	0	0	1	0	0	1	0	1	1	0	0	1	1	1	0	1	0	0	0	1	0	1	0	1	0	1	1	0	1	1	1	0	1	0	0	0	0	0	0	0	1	0	0	1	1	0	1	0	0	0	1	0	0	0	0	1	0	0	0	0	0	0	0	1	0	1	0	0	0	0	0	1	0	0	0	1	1	0	1	0	0	0	0	0	1	1	0	0	0	0	0	1	0	0	1	0	1	0	0	0	0	0	0	1	0	0	0	0	0	0	0	0	0	0	0	0	0	0	0	0	1	0	0	0	0	0	0	0
BACasv156	0	1	0	0	1	1	1	1	0	0	0	0	1	0	1	1	0	0	1	1	1	0	0	1	1	1	0	0	0	0	0	0	0	1	1	0	0	0	0	0	0	1	1	0	0	1	1	0	1	0	1	1	1	1	0	0	1	0	1	1	0	1	0	1	1	0	0	1	1	0	1	0	1	0	0	1	0	0	1	0	1	1	0	0	1	1	1	1	0	0	0	0	1	0	1	0	1	0	1	1	0	1	1	1	0	1	0	0	0	0	0	0	0	1	0	0	1	1	0	1	0	0	0	1	0	0	0	0	1	0	0	0	0	0	0	0	1	0	1	0	0	0	0	0	1	0	0	0	1	1	0	1	0	0	0	0	0	1	1	0	0	0	0	0	1	0	0	1	0	1	0	0	0	0	0	0	1	0	0	0	0	0	0	0	0	0	0	0	0	0	0	0	0	1	0	0	0	0	0	0	0
BACasv157	0	0	0	0	0	0	0	0	0	0	1	0	0	0	0	0	0	0	0	0	0	0	0	0	0	0	0	0	0	0	0	0	0	0	0	0	0	0	0	0	0	0	0	0	0	0	0	0	0	0	0	0	0	0	0	0	0	0	0	0	0	0	0	0	0	0	0	0	0	0	0	0	0	0	0	0	0	0	0	0	0	0	0	0	0	0	0	0	0	0	0	0	0	0	0	0	0	0	0	0	0	0	0	0	0	0	0	0	0	0	0	0	0	0	0	0	0	0	0	0	0	0	0	0	0	0	0	0	0	0	0	0	0	0	0	0	0	0	0	0	0	0	0	0	0	0	0	0	0	0	0	0	0	0	0	0	0	0	0	0	0	0	0	0	0	0	0	0	0	0	0	0	0	0	0	0	0	0	0	0	0	0	0	0	0	0	0	0	0	0	0	0	0	0	0	0	0	0	0	0	0
BACasv161	0	0	0	0	0	0	0	0	0	1	0	0	0	0	0	0	0	0	0	0	0	0	0	0	0	0	0	0	0	0	0	0	0	0	0	0	0	0	0	0	0	0	0	1	0	0	0	0	0	1	0	0	0	0	0	0	0	0	0	0	0	0	1	0	0	0	0	0	0	0	0	0	0	0	0	0	0	0	0	1	0	0	0	0	0	0	0	0	0	0	0	0	0	1	0	0	0	0	0	0	1	0	0	0	1	0	1	1	0	1	1	0	0	0	1	1	0	0	1	0	0	0	1	0	1	0	0	0	0	1	0	1	0	0	1	1	0	1	0	1	0	0	1	1	0	1	0	1	0	0	1	0	0	0	1	1	1	0	0	1	1	1	1	1	0	1	0	0	1	0	1	1	1	1	1	1	0	1	1	1	1	1	1	1	1	1	1	1	0	1	1	1	1	0	1	1	1	1	1	1	1
BACasv173	0	0	0	0	0	0	0	0	0	0	0	0	0	0	0	0	0	0	0	0	0	0	0	0	0	0	1	0	0	0	0	0	0	0	0	0	0	0	0	0	0	0	0	0	0	0	0	0	0	0	0	0	0	0	0	0	0	0	0	0	1	0	0	0	0	0	0	0	0	0	0	0	0	0	0	0	0	0	0	0	0	0	0	0	0	0	0	0	0	0	0	0	0	0	0	0	0	0	0	0	0	0	0	0	0	0	0	0	0	0	0	0	0	0	0	0	0	0	0	0	0	0	0	0	0	0	1	0	0	0	0	0	0	0	0	0	0	0	0	0	0	0	0	0	0	0	0	0	0	0	0	0	0	0	0	0	0	0	0	0	0	0	0	0	0	0	0	0	0	0	0	0	0	0	0	0	0	0	0	0	0	0	0	0	0	0	0	0	0	0	0	0	0	0	0	0	0	0	0	0	0
BACasv176	0	1	0	0	1	1	1	1	0	0	0	0	1	0	1	1	0	0	1	1	1	0	0	1	1	1	0	0	0	0	0	0	0	1	1	0	0	0	0	0	0	1	1	0	0	1	1	0	1	0	1	1	1	1	0	0	1	0	1	1	0	1	0	1	1	0	0	1	1	0	1	0	1	0	0	1	0	0	1	0	1	1	0	0	1	1	1	1	1	0	0	0	0	0	1	0	1	0	1	1	0	1	1	1	0	1	0	0	0	0	0	0	0	1	0	0	1	1	0	1	0	0	0	1	0	0	0	0	1	0	0	0	0	0	0	0	1	0	1	0	0	0	0	0	1	0	0	0	1	1	0	1	0	0	0	0	0	1	1	0	0	0	0	0	1	0	0	1	0	1	0	0	0	0	0	0	1	0	0	0	0	0	0	0	0	0	0	0	0	0	0	0	0	1	0	0	0	0	0	0	0
BACasv178	0	0	0	0	0	0	0	0	0	1	0	0	0	0	0	0	0	0	0	0	0	0	0	0	0	0	0	0	0	0	0	0	0	0	0	0	0	0	0	0	0	0	0	1	0	0	0	0	0	1	0	0	0	0	0	0	0	0	0	0	0	0	1	0	0	0	0	0	0	0	0	0	0	0	0	0	0	0	0	1	0	0	0	0	0	0	0	0	0	0	1	0	0	0	0	0	0	0	0	0	1	0	0	0	1	0	1	1	0	1	1	0	0	0	1	1	0	0	1	0	0	0	1	0	1	0	0	0	0	1	0	1	0	0	1	1	0	1	0	1	0	0	1	1	0	1	0	1	0	0	1	0	0	0	1	1	1	0	0	1	1	1	1	1	0	1	0	0	1	0	1	1	1	1	1	1	0	1	1	1	1	1	1	1	1	1	1	1	0	1	1	1	1	0	1	1	1	1	1	1	1
BACasv182	0	1	0	0	1	1	1	1	0	0	0	0	1	0	1	1	0	0	1	1	1	0	0	1	1	1	0	0	0	0	0	0	0	1	1	0	0	0	0	0	0	1	1	0	0	1	1	0	1	0	1	1	1	1	0	0	1	0	1	1	0	1	0	1	1	0	0	1	1	0	1	0	1	0	0	1	0	0	1	0	1	1	0	0	1	1	1	1	1	0	0	0	1	0	0	0	1	0	1	1	0	1	1	1	0	1	0	0	0	0	0	0	0	1	0	0	1	1	0	1	0	0	0	1	0	0	0	0	1	0	0	0	0	0	0	0	1	0	1	0	0	0	0	0	1	0	0	0	1	1	0	1	0	0	0	0	0	1	1	0	0	0	0	0	1	0	0	1	0	1	0	0	0	0	0	0	1	0	0	0	0	0	0	0	0	0	0	0	0	0	0	0	0	1	0	0	0	0	0	0	0
BACasv183	0	0	0	0	0	0	0	0	0	0	0	0	0	0	0	0	0	0	0	0	0	0	0	0	0	0	0	0	0	0	0	0	0	0	0	0	0	0	0	0	0	0	0	0	0	0	0	0	0	0	0	0	0	0	0	0	0	0	0	0	0	0	0	0	0	0	0	0	0	0	0	0	0	0	0	0	0	0	0	0	0	0	0	0	0	0	0	0	0	0	0	0	0	0	0	0	0	0	0	0	0	0	0	0	0	0	0	0	0	0	0	0	0	0	0	0	0	0	0	0	0	0	0	0	0	0	0	0	0	0	1	0	0	0	0	0	0	0	0	0	0	0	0	0	0	0	0	0	0	0	0	0	0	0	0	0	0	0	0	0	0	0	0	0	0	0	0	0	0	0	0	0	0	0	0	0	0	0	0	0	0	0	0	0	0	0	0	0	0	0	0	0	0	0	0	0	0	0	0	0	0
BACasv187	0	1	0	0	1	1	1	1	0	0	0	0	1	0	1	1	0	0	1	1	1	0	0	1	1	1	0	0	0	0	0	0	0	1	1	0	0	0	0	0	0	1	1	0	0	1	1	0	1	0	1	1	1	1	0	0	1	0	1	1	0	1	0	1	1	0	0	1	1	0	1	0	1	0	0	1	0	0	1	0	1	1	0	0	1	1	1	1	1	0	0	0	1	0	1	0	0	0	1	1	0	1	1	1	0	1	0	0	0	0	0	0	0	1	0	0	1	1	0	1	0	0	0	1	0	0	0	0	1	0	0	0	0	0	0	0	1	0	1	0	0	0	0	0	1	0	0	0	1	1	0	1	0	0	0	0	0	1	1	0	0	0	0	0	1	0	0	1	0	1	0	0	0	0	0	0	1	0	0	0	0	0	0	0	0	0	0	0	0	0	0	0	0	1	0	0	0	0	0	0	0
BACasv192	0	0	0	0	0	0	0	0	0	0	0	0	0	0	0	0	0	0	0	0	0	0	0	0	0	0	0	0	0	0	0	0	0	0	0	0	0	0	0	0	0	0	0	0	0	0	0	0	0	0	0	0	0	0	0	0	0	1	0	0	0	0	0	0	0	0	0	0	0	0	0	0	0	0	0	0	0	0	0	0	0	0	0	0	0	0	0	0	0	0	0	0	0	0	0	0	0	0	0	0	0	0	0	0	0	0	0	0	0	0	0	0	0	0	0	0	0	0	0	0	0	0	0	0	0	0	0	0	0	0	0	0	0	0	0	0	0	0	0	0	0	0	0	0	0	0	0	0	0	0	0	0	0	0	0	0	0	0	0	0	0	0	0	0	0	0	0	0	0	0	0	0	0	0	0	0	0	0	0	0	0	0	0	0	0	0	0	0	0	0	0	0	0	0	0	0	0	0	0	0	0
BACasv194	0	1	0	0	1	1	1	1	0	0	0	0	1	0	1	1	0	0	1	1	1	0	0	1	1	1	0	0	0	0	0	0	0	1	1	0	0	0	0	0	0	1	1	0	0	1	1	0	1	0	1	1	1	1	0	0	1	0	1	1	0	1	0	1	1	0	0	1	1	0	1	0	1	0	0	1	0	0	1	0	1	1	0	0	1	1	1	1	1	0	0	0	1	0	1	0	1	0	0	1	0	1	1	1	0	1	0	0	0	0	0	0	0	1	0	0	1	1	0	1	0	0	0	1	0	0	0	0	1	0	0	0	0	0	0	0	1	0	1	0	0	0	0	0	1	0	0	0	1	1	0	1	0	0	0	0	0	1	1	0	0	0	0	0	1	0	0	1	0	1	0	0	0	0	0	0	1	0	0	0	0	0	0	0	0	0	0	0	0	0	0	0	0	1	0	0	0	0	0	0	0
BACasv195	0	1	0	0	1	1	1	1	0	0	0	0	1	0	1	1	0	0	1	1	1	0	0	1	1	1	0	0	0	0	0	0	0	1	1	0	0	0	0	0	0	1	1	0	0	1	1	0	1	0	1	1	1	1	0	0	1	0	1	1	0	1	0	1	1	0	0	1	1	0	1	0	1	0	0	1	0	0	1	0	1	1	0	0	1	1	1	1	1	0	0	0	1	0	1	0	1	0	1	0	0	1	1	1	0	1	0	0	0	0	0	0	0	1	0	0	1	1	0	1	0	0	0	1	0	0	0	0	1	0	0	0	0	0	0	0	1	0	1	0	0	0	0	0	1	0	0	0	1	1	0	1	0	0	0	0	0	1	1	0	0	0	0	0	1	0	0	1	0	1	0	0	0	0	0	0	1	0	0	0	0	0	0	0	0	0	0	0	0	0	0	0	0	1	0	0	0	0	0	0	0
BACasv200	0	0	0	0	0	0	0	0	0	1	0	0	0	0	0	0	0	0	0	0	0	0	0	0	0	0	0	0	0	0	0	0	0	0	0	0	0	0	0	0	0	0	0	1	0	0	0	0	0	1	0	0	0	0	0	0	0	0	0	0	0	0	1	0	0	0	0	0	0	0	0	0	0	0	0	0	0	0	0	1	0	0	0	0	0	0	0	0	0	0	1	0	0	1	0	0	0	0	0	0	0	0	0	0	1	0	1	1	0	1	1	0	0	0	1	1	0	0	1	0	0	0	1	0	1	0	0	0	0	1	0	1	0	0	1	1	0	1	0	1	0	0	1	1	0	1	0	1	0	0	1	0	0	0	1	1	1	0	0	1	1	1	1	1	0	1	0	0	1	0	1	1	1	1	1	1	0	1	1	1	1	1	1	1	1	1	1	1	0	1	1	1	1	0	1	1	1	1	1	1	1
BACasv207	0	1	0	0	1	1	1	1	0	0	0	0	1	0	1	1	0	0	1	1	1	0	0	1	1	1	0	0	0	0	0	0	0	1	1	0	0	0	0	0	0	1	1	0	0	1	1	0	1	0	1	1	1	1	0	0	1	0	1	1	0	1	0	1	1	0	0	1	1	0	1	0	1	0	0	1	0	0	1	0	1	1	0	0	1	1	1	1	1	0	0	0	1	0	1	0	1	0	1	1	0	0	1	1	0	1	0	0	0	0	0	0	0	1	0	0	1	1	0	1	0	0	0	1	0	0	0	0	1	0	0	0	0	0	0	0	1	0	1	0	0	0	0	0	1	0	0	0	1	1	0	1	0	0	0	0	0	1	1	0	0	0	0	0	1	0	0	1	0	1	0	0	0	0	0	0	1	0	0	0	0	0	0	0	0	0	0	0	0	0	0	0	0	1	0	0	0	0	0	0	0
BACasv212	0	1	0	0	1	1	1	1	0	0	0	0	1	0	1	1	0	0	1	1	1	0	0	1	1	1	0	0	0	0	0	0	0	1	1	0	0	0	0	0	0	1	1	0	0	1	1	0	1	0	1	1	1	1	0	0	1	0	1	1	0	1	0	1	1	0	0	1	1	0	1	0	1	0	0	1	0	0	1	0	1	1	0	0	1	1	1	1	1	0	0	0	1	0	1	0	1	0	1	1	0	1	0	1	0	1	0	0	0	0	0	0	0	1	0	0	1	1	0	1	0	0	0	1	0	0	0	0	1	0	0	0	0	0	0	0	1	0	1	0	0	0	0	0	1	0	0	0	1	1	0	1	0	0	0	0	0	1	1	0	0	0	0	0	1	0	0	1	0	1	0	0	0	0	0	0	1	0	0	0	0	0	0	0	0	0	0	0	0	0	0	0	0	1	0	0	0	0	0	0	0
BACasv213	0	1	0	0	1	1	1	1	0	0	0	0	1	0	1	1	0	0	1	1	1	0	0	1	1	1	0	0	0	0	0	0	0	1	1	0	0	0	0	0	0	1	1	0	0	1	1	0	1	0	1	1	1	1	0	0	1	0	1	1	0	1	0	1	1	0	0	1	1	0	1	0	1	0	0	1	0	0	1	0	1	1	0	0	1	1	1	1	1	0	0	0	1	0	1	0	1	0	1	1	0	1	1	0	0	1	0	0	0	0	0	0	0	1	0	0	1	1	0	1	0	0	0	1	0	0	0	0	1	0	0	0	0	0	0	0	1	0	1	0	0	0	0	0	1	0	0	0	1	1	0	1	0	0	0	0	0	1	1	0	0	0	0	0	1	0	0	1	0	1	0	0	0	0	0	0	1	0	0	0	0	0	0	0	0	0	0	0	0	0	0	0	0	1	0	0	0	0	0	0	0
BACasv215	0	0	0	0	0	0	0	0	0	1	0	0	0	0	0	0	0	0	0	0	0	0	0	0	0	0	0	0	0	0	0	0	0	0	0	0	0	0	0	0	0	0	0	1	0	0	0	0	0	1	0	0	0	0	0	0	0	0	0	0	0	0	1	0	0	0	0	0	0	0	0	0	0	0	0	0	0	0	0	1	0	0	0	0	0	0	0	0	0	0	1	0	0	1	0	0	0	0	0	0	1	0	0	0	0	0	1	1	0	1	1	0	0	0	1	1	0	0	1	0	0	0	1	0	1	0	0	0	0	1	0	1	0	0	1	1	0	1	0	1	0	0	1	1	0	1	0	1	0	0	1	0	0	0	1	1	1	0	0	1	1	1	1	1	0	1	0	0	1	0	1	1	1	1	1	1	0	1	1	1	1	1	1	1	1	1	1	1	0	1	1	1	1	0	1	1	1	1	1	1	1
BACasv221	0	1	0	0	1	1	1	1	0	0	0	0	1	0	1	1	0	0	1	1	1	0	0	1	1	1	0	0	0	0	0	0	0	1	1	0	0	0	0	0	0	1	1	0	0	1	1	0	1	0	1	1	1	1	0	0	1	0	1	1	0	1	0	1	1	0	0	1	1	0	1	0	1	0	0	1	0	0	1	0	1	1	0	0	1	1	1	1	1	0	0	0	1	0	1	0	1	0	1	1	0	1	1	1	0	0	0	0	0	0	0	0	0	1	0	0	1	1	0	1	0	0	0	1	0	0	0	0	1	0	0	0	0	0	0	0	1	0	1	0	0	0	0	0	1	0	0	0	1	1	0	1	0	0	0	0	0	1	1	0	0	0	0	0	1	0	0	1	0	1	0	0	0	0	0	0	1	0	0	0	0	0	0	0	0	0	0	0	0	0	0	0	0	1	0	0	0	0	0	0	0
BACasv222	0	0	0	0	0	0	0	0	0	1	0	0	0	0	0	0	0	0	0	0	0	0	0	0	0	0	0	0	0	0	0	0	0	0	0	0	0	0	0	0	0	0	0	1	0	0	0	0	0	1	0	0	0	0	0	0	0	0	0	0	0	0	1	0	0	0	0	0	0	0	0	0	0	0	0	0	0	0	0	1	0	0	0	0	0	0	0	0	0	0	1	0	0	1	0	0	0	0	0	0	1	0	0	0	1	0	0	1	0	1	1	0	0	0	1	1	0	0	1	0	0	0	1	0	1	0	0	0	0	1	0	1	0	0	1	1	0	1	0	1	0	0	1	1	0	1	0	1	0	0	1	0	0	0	1	1	1	0	0	1	1	1	1	1	0	1	0	0	1	0	1	1	1	1	1	1	0	1	1	1	1	1	1	1	1	1	1	1	0	1	1	1	1	0	1	1	1	1	1	1	1
BACasv223	0	0	0	0	0	0	0	0	0	1	0	0	0	0	0	0	0	0	0	0	0	0	0	0	0	0	0	0	0	0	0	0	0	0	0	0	0	0	0	0	0	0	0	1	0	0	0	0	0	1	0	0	0	0	0	0	0	0	0	0	0	0	1	0	0	0	0	0	0	0	0	0	0	0	0	0	0	0	0	1	0	0	0	0	0	0	0	0	0	0	1	0	0	1	0	0	0	0	0	0	1	0	0	0	1	0	1	0	0	1	1	0	0	0	1	1	0	0	1	0	0	0	1	0	1	0	0	0	0	1	0	1	0	0	1	1	0	1	0	1	0	0	1	1	0	1	0	1	0	0	1	0	0	0	1	1	1	0	0	1	1	1	1	1	0	1	0	0	1	0	1	1	1	1	1	1	0	1	1	1	1	1	1	1	1	1	1	1	0	1	1	1	1	0	1	1	1	1	1	1	1
BACasv234	0	0	0	0	0	0	0	0	0	0	0	0	0	0	0	0	0	0	0	0	0	0	0	0	0	0	0	0	0	0	0	0	0	0	0	0	0	0	0	0	0	0	0	0	0	0	0	0	0	0	0	0	0	0	0	0	0	0	0	0	0	0	0	0	0	0	0	0	0	0	0	0	0	0	0	0	0	0	0	0	0	0	0	0	0	0	0	0	0	0	0	0	0	0	0	0	0	0	0	0	0	0	0	0	0	0	0	0	0	0	0	0	0	0	0	0	0	0	0	0	0	0	0	0	0	0	0	0	0	0	0	0	0	1	0	0	0	0	0	0	0	0	0	0	0	0	0	0	0	0	0	0	0	0	0	0	0	0	0	0	0	0	0	0	0	0	0	0	0	0	0	0	0	0	0	0	0	0	0	0	0	0	0	0	0	0	0	0	0	0	0	0	0	0	0	0	0	0	0	0	0
BACasv238	0	0	0	0	0	0	0	0	0	1	0	0	0	0	0	0	0	0	0	0	0	0	0	0	0	0	0	0	0	0	0	0	0	0	0	0	0	0	0	0	0	0	0	1	0	0	0	0	0	1	0	0	0	0	0	0	0	0	0	0	0	0	1	0	0	0	0	0	0	0	0	0	0	0	0	0	0	0	0	1	0	0	0	0	0	0	0	0	0	0	1	0	0	1	0	0	0	0	0	0	1	0	0	0	1	0	1	1	0	0	1	0	0	0	1	1	0	0	1	0	0	0	1	0	1	0	0	0	0	1	0	1	0	0	1	1	0	1	0	1	0	0	1	1	0	1	0	1	0	0	1	0	0	0	1	1	1	0	0	1	1	1	1	1	0	1	0	0	1	0	1	1	1	1	1	1	0	1	1	1	1	1	1	1	1	1	1	1	0	1	1	1	1	0	1	1	1	1	1	1	1
BACasv240	0	0	0	0	0	0	0	0	0	1	0	0	0	0	0	0	0	0	0	0	0	0	0	0	0	0	0	0	0	0	0	0	0	0	0	0	0	0	0	0	0	0	0	1	0	0	0	0	0	1	0	0	0	0	0	0	0	0	0	0	0	0	1	0	0	0	0	0	0	0	0	0	0	0	0	0	0	0	0	1	0	0	0	0	0	0	0	0	0	0	1	0	0	1	0	0	0	0	0	0	1	0	0	0	1	0	1	1	0	1	0	0	0	0	1	1	0	0	1	0	0	0	1	0	1	0	0	0	0	1	0	1	0	0	1	1	0	1	0	1	0	0	1	1	0	1	0	1	0	0	1	0	0	0	1	1	1	0	0	1	1	1	1	1	0	1	0	0	1	0	1	1	1	1	1	1	0	1	1	1	1	1	1	1	1	1	1	1	0	1	1	1	1	0	1	1	1	1	1	1	1
BACasv242	0	0	0	0	0	0	0	0	0	0	0	0	0	0	0	0	0	0	0	0	0	0	0	0	0	0	0	0	0	0	0	0	0	0	0	0	0	0	0	0	0	0	0	0	0	0	0	0	0	0	0	0	0	0	0	0	0	0	0	0	0	0	0	0	0	0	0	0	0	0	0	0	0	0	0	0	0	0	0	0	0	0	0	0	0	0	0	0	0	0	0	0	0	0	0	0	0	0	0	0	0	0	0	0	0	0	0	0	0	0	0	0	0	0	0	0	0	0	0	0	0	0	0	0	0	0	0	0	0	0	0	0	0	0	0	0	0	0	0	0	0	0	0	0	0	0	0	0	0	0	0	0	0	1	0	0	0	0	0	0	0	0	0	0	0	0	0	0	0	0	0	0	0	0	0	0	0	0	0	0	0	0	0	0	0	0	0	0	0	0	0	0	0	0	0	0	0	0	0	0	0
BACasv247	0	0	0	0	0	0	0	0	0	0	0	0	0	0	0	0	0	0	0	0	0	0	0	0	0	0	0	0	0	0	0	0	0	0	0	0	0	0	0	0	0	0	0	0	0	0	0	0	0	0	0	0	0	0	0	0	0	0	0	0	0	0	0	0	0	0	0	0	0	0	0	0	0	0	0	0	0	0	0	0	0	0	0	0	0	0	0	0	0	0	0	0	0	0	0	0	0	0	0	0	0	0	0	0	0	0	0	0	0	0	0	0	0	0	0	0	0	0	0	0	0	0	0	0	0	0	0	0	0	0	0	0	0	0	0	0	0	0	0	0	0	0	0	0	0	0	1	0	0	0	0	0	0	0	0	0	0	0	0	0	0	0	0	0	0	0	0	0	0	0	0	0	0	0	0	0	0	0	0	0	0	0	0	0	0	0	0	0	0	0	0	0	0	0	0	0	0	0	0	0	0
BACasv251	0	1	0	0	1	1	1	1	0	0	0	0	1	0	1	1	0	0	1	1	1	0	0	1	1	1	0	0	0	0	0	0	0	1	1	0	0	0	0	0	0	1	1	0	0	1	1	0	1	0	1	1	1	1	0	0	1	0	1	1	0	1	0	1	1	0	0	1	1	0	1	0	1	0	0	1	0	0	1	0	1	1	0	0	1	1	1	1	1	0	0	0	1	0	1	0	1	0	1	1	0	1	1	1	0	1	0	0	0	0	0	0	0	0	0	0	1	1	0	1	0	0	0	1	0	0	0	0	1	0	0	0	0	0	0	0	1	0	1	0	0	0	0	0	1	0	0	0	1	1	0	1	0	0	0	0	0	1	1	0	0	0	0	0	1	0	0	1	0	1	0	0	0	0	0	0	1	0	0	0	0	0	0	0	0	0	0	0	0	0	0	0	0	1	0	0	0	0	0	0	0
BACasv253	0	0	0	0	0	0	0	0	0	1	0	0	0	0	0	0	0	0	0	0	0	0	0	0	0	0	0	0	0	0	0	0	0	0	0	0	0	0	0	0	0	0	0	1	0	0	0	0	0	1	0	0	0	0	0	0	0	0	0	0	0	0	1	0	0	0	0	0	0	0	0	0	0	0	0	0	0	0	0	1	0	0	0	0	0	0	0	0	0	0	1	0	0	1	0	0	0	0	0	0	1	0	0	0	1	0	1	1	0	1	1	0	0	0	0	1	0	0	1	0	0	0	1	0	1	0	0	0	0	1	0	1	0	0	1	1	0	1	0	1	0	0	1	1	0	1	0	1	0	0	1	0	0	0	1	1	1	0	0	1	1	1	1	1	0	1	0	0	1	0	1	1	1	1	1	1	0	1	1	1	1	1	1	1	1	1	1	1	0	1	1	1	1	0	1	1	1	1	1	1	1
BACasv260	0	0	0	0	0	0	0	0	0	1	0	0	0	0	0	0	0	0	0	0	0	0	0	0	0	0	0	0	0	0	0	0	0	0	0	0	0	0	0	0	0	0	0	1	0	0	0	0	0	1	0	0	0	0	0	0	0	0	0	0	0	0	1	0	0	0	0	0	0	0	0	0	0	0	0	0	0	0	0	1	0	0	0	0	0	0	0	0	0	0	1	0	0	1	0	0	0	0	0	0	1	0	0	0	1	0	1	1	0	1	1	0	0	0	1	0	0	0	1	0	0	0	1	0	1	0	0	0	0	1	0	1	0	0	1	1	0	1	0	1	0	0	1	1	0	1	0	1	0	0	1	0	0	0	1	1	1	0	0	1	1	1	1	1	0	1	0	0	1	0	1	1	1	1	1	1	0	1	1	1	1	1	1	1	1	1	1	1	0	1	1	1	1	0	1	1	1	1	1	1	1
BACasv267	0	1	0	0	1	1	1	1	0	0	0	0	1	0	1	1	0	0	1	1	1	0	0	1	1	1	0	0	0	0	0	0	0	1	1	0	0	0	0	0	0	1	1	0	0	1	1	0	1	0	1	1	1	1	0	0	1	0	1	1	0	1	0	1	1	0	0	1	1	0	1	0	1	0	0	1	0	0	1	0	1	1	0	0	1	1	1	1	1	0	0	0	1	0	1	0	1	0	1	1	0	1	1	1	0	1	0	0	0	0	0	0	0	1	0	0	0	1	0	1	0	0	0	1	0	0	0	0	1	0	0	0	0	0	0	0	1	0	1	0	0	0	0	0	1	0	0	0	1	1	0	1	0	0	0	0	0	1	1	0	0	0	0	0	1	0	0	1	0	1	0	0	0	0	0	0	1	0	0	0	0	0	0	0	0	0	0	0	0	0	0	0	0	1	0	0	0	0	0	0	0
BACasv268	0	1	0	0	1	1	1	1	0	0	0	0	1	0	1	1	0	0	1	1	1	0	0	1	1	1	0	0	0	0	0	0	0	1	1	0	0	0	0	0	0	1	1	0	0	1	1	0	1	0	1	1	1	1	0	0	1	0	1	1	0	1	0	1	1	0	0	1	1	0	1	0	1	0	0	1	0	0	1	0	1	1	0	0	1	1	1	1	1	0	0	0	1	0	1	0	1	0	1	1	0	1	1	1	0	1	0	0	0	0	0	0	0	1	0	0	1	0	0	1	0	0	0	1	0	0	0	0	1	0	0	0	0	0	0	0	1	0	1	0	0	0	0	0	1	0	0	0	1	1	0	1	0	0	0	0	0	1	1	0	0	0	0	0	1	0	0	1	0	1	0	0	0	0	0	0	1	0	0	0	0	0	0	0	0	0	0	0	0	0	0	0	0	1	0	0	0	0	0	0	0
BACasv270	0	0	0	0	0	0	0	0	0	1	0	0	0	0	0	0	0	0	0	0	0	0	0	0	0	0	0	0	0	0	0	0	0	0	0	0	0	0	0	0	0	0	0	1	0	0	0	0	0	1	0	0	0	0	0	0	0	0	0	0	0	0	1	0	0	0	0	0	0	0	0	0	0	0	0	0	0	0	0	1	0	0	0	0	0	0	0	0	0	0	1	0	0	1	0	0	0	0	0	0	1	0	0	0	1	0	1	1	0	1	1	0	0	0	1	1	0	0	0	0	0	0	1	0	1	0	0	0	0	1	0	1	0	0	1	1	0	1	0	1	0	0	1	1	0	1	0	1	0	0	1	0	0	0	1	1	1	0	0	1	1	1	1	1	0	1	0	0	1	0	1	1	1	1	1	1	0	1	1	1	1	1	1	1	1	1	1	1	0	1	1	1	1	0	1	1	1	1	1	1	1
BACasv285	0	1	0	0	1	1	1	1	0	0	0	0	1	0	1	1	0	0	1	1	1	0	0	1	1	1	0	0	0	0	0	0	0	1	1	0	0	0	0	0	0	1	1	0	0	1	1	0	1	0	1	1	1	1	0	0	1	0	1	1	0	1	0	1	1	0	0	1	1	0	1	0	1	0	0	1	0	0	1	0	1	1	0	0	1	1	1	1	1	0	0	0	1	0	1	0	1	0	1	1	0	1	1	1	0	1	0	0	0	0	0	0	0	1	0	0	1	1	0	0	0	0	0	1	0	0	0	0	1	0	0	0	0	0	0	0	1	0	1	0	0	0	0	0	1	0	0	0	1	1	0	1	0	0	0	0	0	1	1	0	0	0	0	0	1	0	0	1	0	1	0	0	0	0	0	0	1	0	0	0	0	0	0	0	0	0	0	0	0	0	0	0	0	1	0	0	0	0	0	0	0
BACasv288	0	0	0	0	0	0	0	0	0	0	0	0	0	0	0	0	0	0	0	0	0	0	0	0	0	0	0	0	0	0	0	0	0	0	0	0	0	0	0	0	1	0	0	0	0	0	0	0	0	0	0	0	0	0	0	0	0	0	0	0	0	0	0	0	0	0	0	0	0	0	0	0	0	0	0	0	0	0	0	0	0	0	0	0	0	0	0	0	0	0	0	0	0	0	0	0	0	0	0	0	0	0	0	0	0	0	0	0	0	0	0	0	0	0	0	0	0	0	0	0	0	0	0	0	0	0	0	0	0	0	0	0	0	0	0	0	0	0	0	0	0	0	0	0	0	0	0	0	0	0	0	0	0	0	0	0	0	0	0	0	0	0	0	0	0	0	0	0	0	0	0	0	0	0	0	0	0	0	0	0	0	0	0	0	0	0	0	0	0	0	0	0	0	0	0	0	0	0	0	0	0
BACasv295	0	0	0	0	0	0	0	0	0	0	0	0	0	0	0	0	0	0	0	0	0	0	0	0	0	0	0	0	0	0	0	0	0	0	0	0	0	0	0	0	0	0	0	0	0	0	0	0	0	0	0	0	0	0	0	0	0	0	0	0	0	0	0	0	0	0	0	0	0	0	0	0	0	0	0	0	0	0	0	0	0	0	0	0	0	0	0	0	0	0	0	0	0	0	0	0	0	0	0	0	0	0	0	0	0	0	0	0	0	0	0	0	0	0	0	0	0	0	0	0	0	0	0	0	0	0	0	0	0	0	0	0	0	0	0	0	0	0	0	0	0	0	0	0	0	0	0	0	0	0	0	0	1	0	0	0	0	0	0	0	0	0	0	0	0	0	0	0	0	0	0	0	0	0	0	0	0	0	0	0	0	0	0	0	0	0	0	0	0	0	0	0	0	0	0	0	0	0	0	0	0
BACasv300	0	0	0	0	0	0	0	0	0	1	0	0	0	0	0	0	0	0	0	0	0	0	0	0	0	0	0	0	0	0	0	0	0	0	0	0	0	0	0	0	0	0	0	1	0	0	0	0	0	1	0	0	0	0	0	0	0	0	0	0	0	0	1	0	0	0	0	0	0	0	0	0	0	0	0	0	0	0	0	1	0	0	0	0	0	0	0	0	0	0	1	0	0	1	0	0	0	0	0	0	1	0	0	0	1	0	1	1	0	1	1	0	0	0	1	1	0	0	1	0	0	0	0	0	1	0	0	0	0	1	0	1	0	0	1	1	0	1	0	1	0	0	1	1	0	1	0	1	0	0	1	0	0	0	1	1	1	0	0	1	1	1	1	1	0	1	0	0	1	0	1	1	1	1	1	1	0	1	1	1	1	1	1	1	1	1	1	1	0	1	1	1	1	0	1	1	1	1	1	1	1
BACasv305	0	1	0	0	1	1	1	1	0	0	0	0	1	0	1	1	0	0	1	1	1	0	0	1	1	1	0	0	0	0	0	0	0	1	1	0	0	0	0	0	0	1	1	0	0	1	1	0	1	0	1	1	1	1	0	0	1	0	1	1	0	1	0	1	1	0	0	1	1	0	1	0	1	0	0	1	0	0	1	0	1	1	0	0	1	1	1	1	1	0	0	0	1	0	1	0	1	0	1	1	0	1	1	1	0	1	0	0	0	0	0	0	0	1	0	0	1	1	0	1	0	0	0	0	0	0	0	0	1	0	0	0	0	0	0	0	1	0	1	0	0	0	0	0	1	0	0	0	1	1	0	1	0	0	0	0	0	1	1	0	0	0	0	0	1	0	0	1	0	1	0	0	0	0	0	0	1	0	0	0	0	0	0	0	0	0	0	0	0	0	0	0	0	1	0	0	0	0	0	0	0
BACasv306	0	0	0	0	0	0	0	0	0	1	0	0	0	0	0	0	0	0	0	0	0	0	0	0	0	0	0	0	0	0	0	0	0	0	0	0	0	0	0	0	0	0	0	1	0	0	0	0	0	1	0	0	0	0	0	0	0	0	0	0	0	0	1	0	0	0	0	0	0	0	0	0	0	0	0	0	0	0	0	1	0	0	0	0	0	0	0	0	0	0	1	0	0	1	0	0	0	0	0	0	1	0	0	0	1	0	1	1	0	1	1	0	0	0	1	1	0	0	1	0	0	0	1	0	0	0	0	0	0	1	0	1	0	0	1	1	0	1	0	1	0	0	1	1	0	1	0	1	0	0	1	0	0	0	1	1	1	0	0	1	1	1	1	1	0	1	0	0	1	0	1	1	1	1	1	1	0	1	1	1	1	1	1	1	1	1	1	1	0	1	1	1	1	0	1	1	1	1	1	1	1
BACasv309	0	0	0	0	0	0	0	0	0	0	0	0	0	0	0	0	0	0	0	0	0	0	0	0	0	0	0	0	0	0	0	0	0	0	0	0	0	0	0	0	0	0	0	0	0	0	0	0	0	0	0	0	0	0	0	0	0	0	0	0	0	0	0	0	0	0	0	0	0	0	0	0	0	1	0	0	0	0	0	0	0	0	0	0	0	0	0	0	0	0	0	0	0	0	0	0	0	0	0	0	0	0	0	0	0	0	0	0	0	0	0	0	0	0	0	0	0	0	0	0	0	0	0	0	0	0	0	0	0	0	0	0	0	0	0	0	0	0	0	0	0	0	0	0	0	0	0	0	0	0	0	0	0	0	0	0	0	0	0	0	0	0	0	0	0	0	0	0	0	0	0	0	0	0	0	0	0	0	0	0	0	0	0	0	0	0	0	0	0	0	0	0	0	0	0	0	0	0	0	0	0
BACasv316	0	0	0	0	0	0	0	0	0	0	0	0	0	0	0	0	0	0	0	0	0	0	0	0	0	0	1	0	0	0	0	0	0	0	0	0	0	0	0	0	0	0	0	0	0	0	0	0	0	0	0	0	0	0	0	0	0	0	0	0	1	0	0	0	0	0	0	0	0	0	0	0	0	0	0	0	0	0	0	0	0	0	0	0	0	0	0	0	0	0	0	1	0	0	0	0	0	0	0	0	0	0	0	0	0	0	0	0	0	0	0	0	0	0	0	0	0	0	0	0	0	0	0	0	0	0	0	0	0	0	0	0	0	0	0	0	0	0	0	0	0	0	0	0	0	0	0	0	0	0	0	0	0	0	0	0	0	0	0	0	0	0	0	0	0	0	0	0	0	0	0	0	0	0	0	0	0	0	0	0	0	0	0	0	0	0	0	0	0	0	0	0	0	0	0	0	0	0	0	0	0
BACasv317	0	0	0	0	0	0	0	0	0	0	0	0	0	0	0	0	0	0	0	0	0	0	0	0	0	0	0	0	0	0	0	0	0	0	0	0	0	0	0	0	0	0	0	0	0	0	0	0	0	0	0	0	0	0	0	0	0	0	0	0	0	0	0	0	0	0	1	0	0	0	0	0	0	0	0	0	0	1	0	0	0	0	0	0	0	0	0	0	0	0	0	0	0	0	0	0	0	0	0	0	0	0	0	0	0	0	0	0	0	0	0	0	0	0	0	0	0	0	0	0	0	0	0	0	0	0	0	0	0	0	0	0	0	0	0	0	0	0	0	0	0	0	0	0	0	0	0	0	0	0	0	0	0	0	0	0	0	0	0	0	0	0	0	0	0	0	0	0	0	0	0	0	0	0	0	0	0	0	0	0	0	0	0	0	0	0	0	0	0	0	0	0	0	0	0	0	0	0	0	0	0
BACasv324	0	1	0	0	1	1	1	1	0	0	0	0	1	0	1	1	0	0	1	1	1	0	0	1	1	1	0	0	0	0	0	0	0	1	1	0	0	0	0	0	0	1	1	0	0	1	1	0	1	0	1	1	1	1	0	0	1	0	1	1	0	1	0	1	1	0	0	1	1	0	1	0	1	0	0	1	0	0	1	0	1	1	0	0	1	1	1	1	1	0	0	0	1	0	1	0	1	0	1	1	0	1	1	1	0	1	0	0	0	0	0	0	0	1	0	0	1	1	0	1	0	0	0	1	0	0	0	0	0	0	0	0	0	0	0	0	1	0	1	0	0	0	0	0	1	0	0	0	1	1	0	1	0	0	0	0	0	1	1	0	0	0	0	0	1	0	0	1	0	1	0	0	0	0	0	0	1	0	0	0	0	0	0	0	0	0	0	0	0	0	0	0	0	1	0	0	0	0	0	0	0
BACasv325	0	0	0	0	0	0	0	0	0	1	0	0	0	0	0	0	0	0	0	0	0	0	0	0	0	0	0	0	0	0	0	0	0	0	0	0	0	0	0	0	0	0	0	1	0	0	0	0	0	1	0	0	0	0	0	0	0	0	0	0	0	0	1	0	0	0	0	0	0	0	0	0	0	0	0	0	0	0	0	1	0	0	0	0	0	0	0	0	0	0	1	0	0	1	0	0	0	0	0	0	1	0	0	0	1	0	1	1	0	1	1	0	0	0	1	1	0	0	1	0	0	0	1	0	1	0	0	0	0	0	0	1	0	0	1	1	0	1	0	1	0	0	1	1	0	1	0	1	0	0	1	0	0	0	1	1	1	0	0	1	1	1	1	1	0	1	0	0	1	0	1	1	1	1	1	1	0	1	1	1	1	1	1	1	1	1	1	1	0	1	1	1	1	0	1	1	1	1	1	1	1
BACasv331	0	0	0	0	0	0	0	0	0	0	0	0	0	0	0	0	0	0	0	0	0	0	0	0	0	0	0	0	0	0	0	0	0	0	0	0	0	0	0	0	0	0	0	0	0	0	0	0	0	0	0	0	0	0	0	0	0	0	0	0	0	0	0	0	0	0	0	0	0	0	0	0	0	0	0	0	0	0	0	0	0	0	0	0	0	0	0	0	0	0	0	0	0	0	0	1	0	0	0	0	0	0	0	0	0	0	0	0	0	0	0	0	0	0	0	0	0	0	0	0	0	0	0	0	0	0	0	0	0	0	0	0	0	0	0	0	0	0	0	0	0	0	0	0	0	0	0	0	0	0	0	0	0	0	0	0	0	0	0	0	0	0	0	0	0	0	0	0	0	0	0	0	0	0	0	0	0	0	0	0	0	0	0	0	0	0	0	0	0	0	0	0	0	0	0	0	0	0	0	0	0
BACasv351	0	0	0	0	0	0	0	0	0	1	0	0	0	0	0	0	0	0	0	0	0	0	0	0	0	0	0	0	0	0	0	0	0	0	0	0	0	0	0	0	0	0	0	1	0	0	0	0	0	1	0	0	0	0	0	0	0	0	0	0	0	0	1	0	0	0	0	0	0	0	0	0	0	0	0	0	0	0	0	1	0	0	0	0	0	0	0	0	0	0	1	0	0	1	0	0	0	0	0	0	1	0	0	0	1	0	1	1	0	1	1	0	0	0	1	1	0	0	1	0	0	0	1	0	1	0	0	0	0	1	0	0	0	0	1	1	0	1	0	1	0	0	1	1	0	1	0	1	0	0	1	0	0	0	1	1	1	0	0	1	1	1	1	1	0	1	0	0	1	0	1	1	1	1	1	1	0	1	1	1	1	1	1	1	1	1	1	1	0	1	1	1	1	0	1	1	1	1	1	1	1
BACasv352	1	0	0	0	0	0	0	0	1	0	0	0	0	0	0	0	0	0	0	0	0	0	0	0	0	0	0	0	0	0	0	0	0	0	0	0	0	0	0	0	0	0	0	0	0	0	0	0	0	0	0	0	0	0	0	0	0	0	0	0	0	0	0	0	0	1	0	0	0	0	0	0	0	0	0	0	0	0	0	0	0	0	0	0	0	0	0	0	0	0	0	0	0	0	0	0	0	0	0	0	0	0	0	0	0	0	0	0	0	0	0	0	0	0	0	0	0	0	0	0	0	0	0	0	0	0	0	0	0	0	0	0	0	0	0	0	0	0	0	0	0	0	0	0	0	0	0	0	0	0	0	0	0	0	0	0	0	0	0	0	0	0	0	0	0	0	0	0	0	0	0	0	0	0	0	0	0	0	0	0	0	0	0	0	0	0	0	0	0	0	0	0	0	0	0	0	0	0	0	0	0
BACasv366	0	0	0	0	0	0	0	0	0	0	0	0	0	0	0	0	0	0	0	0	0	0	0	0	0	0	0	0	0	0	0	0	0	0	0	0	0	0	0	0	0	0	0	0	0	0	0	0	0	0	0	0	0	0	0	0	0	0	0	0	0	0	0	0	0	0	0	0	0	0	0	0	0	0	0	0	0	0	0	0	0	0	0	0	0	0	0	0	0	0	0	0	0	0	0	0	0	0	0	0	0	0	0	0	0	0	0	0	1	0	0	0	0	0	0	0	0	0	0	0	0	0	0	0	0	0	0	0	0	0	0	0	0	0	0	0	0	0	0	0	0	0	0	0	0	0	0	0	0	0	0	0	0	0	0	0	0	0	0	0	0	0	0	0	0	0	0	0	0	0	0	0	0	0	0	0	0	0	0	0	0	0	0	0	0	0	0	0	0	0	0	0	0	0	0	0	0	0	0	0	0
BACasv372	0	0	0	0	0	0	0	0	0	1	0	0	0	0	0	0	0	0	0	0	0	0	0	0	0	0	0	0	0	0	0	0	0	0	0	0	0	0	0	0	0	0	0	1	0	0	0	0	0	1	0	0	0	0	0	0	0	0	0	0	0	0	1	0	0	0	0	0	0	0	0	0	0	0	0	0	0	0	0	1	0	0	0	0	0	0	0	0	0	0	1	0	0	1	0	0	0	0	0	0	1	0	0	0	1	0	1	1	0	1	1	0	0	0	1	1	0	0	1	0	0	0	1	0	1	0	0	0	0	1	0	1	0	0	0	1	0	1	0	1	0	0	1	1	0	1	0	1	0	0	1	0	0	0	1	1	1	0	0	1	1	1	1	1	0	1	0	0	1	0	1	1	1	1	1	1	0	1	1	1	1	1	1	1	1	1	1	1	0	1	1	1	1	0	1	1	1	1	1	1	1
BACasv373	0	0	0	0	0	0	0	0	0	1	0	0	0	0	0	0	0	0	0	0	0	0	0	0	0	0	0	0	0	0	0	0	0	0	0	0	0	0	0	0	0	0	0	1	0	0	0	0	0	1	0	0	0	0	0	0	0	0	0	0	0	0	1	0	0	0	0	0	0	0	0	0	0	0	0	0	0	0	0	1	0	0	0	0	0	0	0	0	0	0	1	0	0	1	0	0	0	0	0	0	1	0	0	0	1	0	1	1	0	1	1	0	0	0	1	1	0	0	1	0	0	0	1	0	1	0	0	0	0	1	0	1	0	0	1	0	0	1	0	1	0	0	1	1	0	1	0	1	0	0	1	0	0	0	1	1	1	0	0	1	1	1	1	1	0	1	0	0	1	0	1	1	1	1	1	1	0	1	1	1	1	1	1	1	1	1	1	1	0	1	1	1	1	0	1	1	1	1	1	1	1
BACasv374	0	1	0	0	1	1	1	1	0	0	0	0	1	0	1	1	0	0	1	1	1	0	0	1	1	1	0	0	0	0	0	0	0	1	1	0	0	0	0	0	0	1	1	0	0	1	1	0	1	0	1	1	1	1	0	0	1	0	1	1	0	1	0	1	1	0	0	1	1	0	1	0	1	0	0	1	0	0	1	0	1	1	0	0	1	1	1	1	1	0	0	0	1	0	1	0	1	0	1	1	0	1	1	1	0	1	0	0	0	0	0	0	0	1	0	0	1	1	0	1	0	0	0	1	0	0	0	0	1	0	0	0	0	0	0	0	0	0	1	0	0	0	0	0	1	0	0	0	1	1	0	1	0	0	0	0	0	1	1	0	0	0	0	0	1	0	0	1	0	1	0	0	0	0	0	0	1	0	0	0	0	0	0	0	0	0	0	0	0	0	0	0	0	1	0	0	0	0	0	0	0
BACasv379	0	0	0	0	0	0	0	0	0	1	0	0	0	0	0	0	0	0	0	0	0	0	0	0	0	0	0	0	0	0	0	0	0	0	0	0	0	0	0	0	0	0	0	1	0	0	0	0	0	1	0	0	0	0	0	0	0	0	0	0	0	0	1	0	0	0	0	0	0	0	0	0	0	0	0	0	0	0	0	1	0	0	0	0	0	0	0	0	0	0	1	0	0	1	0	0	0	0	0	0	1	0	0	0	1	0	1	1	0	1	1	0	0	0	1	1	0	0	1	0	0	0	1	0	1	0	0	0	0	1	0	1	0	0	1	1	0	0	0	1	0	0	1	1	0	1	0	1	0	0	1	0	0	0	1	1	1	0	0	1	1	1	1	1	0	1	0	0	1	0	1	1	1	1	1	1	0	1	1	1	1	1	1	1	1	1	1	1	0	1	1	1	1	0	1	1	1	1	1	1	1
BACasv389	0	1	0	0	1	1	1	1	0	0	0	0	1	0	1	1	0	0	1	1	1	0	0	1	1	1	0	0	0	0	0	0	0	1	1	0	0	0	0	0	0	1	1	0	0	1	1	0	1	0	1	1	1	1	0	0	1	0	1	1	0	1	0	1	1	0	0	1	1	0	1	0	1	0	0	1	0	0	1	0	1	1	0	0	1	1	1	1	1	0	0	0	1	0	1	0	1	0	1	1	0	1	1	1	0	1	0	0	0	0	0	0	0	1	0	0	1	1	0	1	0	0	0	1	0	0	0	0	1	0	0	0	0	0	0	0	1	0	0	0	0	0	0	0	1	0	0	0	1	1	0	1	0	0	0	0	0	1	1	0	0	0	0	0	1	0	0	1	0	1	0	0	0	0	0	0	1	0	0	0	0	0	0	0	0	0	0	0	0	0	0	0	0	1	0	0	0	0	0	0	0
BACasv398	0	0	0	0	0	0	0	0	0	1	0	0	0	0	0	0	0	0	0	0	0	0	0	0	0	0	0	0	0	0	0	0	0	0	0	0	0	0	0	0	0	0	0	1	0	0	0	0	0	1	0	0	0	0	0	0	0	0	0	0	0	0	1	0	0	0	0	0	0	0	0	0	0	0	0	0	0	0	0	1	0	0	0	0	0	0	0	0	0	0	1	0	0	1	0	0	0	0	0	0	1	0	0	0	1	0	1	1	0	1	1	0	0	0	1	1	0	0	1	0	0	0	1	0	1	0	0	0	0	1	0	1	0	0	1	1	0	1	0	0	0	0	1	1	0	1	0	1	0	0	1	0	0	0	1	1	1	0	0	1	1	1	1	1	0	1	0	0	1	0	1	1	1	1	1	1	0	1	1	1	1	1	1	1	1	1	1	1	0	1	1	1	1	0	1	1	1	1	1	1	1
BACasv404	0	0	0	0	0	0	0	0	0	0	0	0	0	0	0	0	0	0	0	0	0	0	0	0	0	0	0	0	0	0	0	0	0	0	0	0	0	0	0	0	0	0	0	0	0	0	0	1	0	0	0	0	0	0	0	0	0	0	0	0	0	0	0	0	0	0	0	0	0	0	0	0	0	0	0	0	0	0	0	0	0	0	0	0	0	0	0	0	0	0	0	0	0	0	0	0	0	0	0	0	0	0	0	0	0	0	0	0	0	0	0	0	0	0	0	0	0	0	0	0	0	0	0	0	0	0	0	0	0	0	0	0	0	0	0	0	0	0	0	0	0	0	0	0	0	0	0	0	0	0	0	0	0	0	0	0	0	0	0	0	0	0	0	0	0	0	0	0	0	0	0	0	0	0	0	0	0	0	0	0	0	0	0	0	0	0	0	0	0	0	0	0	0	0	0	0	0	0	0	0	0
BACasv408	0	0	0	0	0	0	0	0	0	0	0	0	0	0	0	0	0	0	0	0	0	0	0	0	0	0	0	0	0	0	0	0	0	0	0	0	0	0	0	0	0	0	0	0	0	0	0	0	0	0	0	0	0	0	0	0	0	0	0	0	0	0	0	0	0	0	0	0	0	0	0	0	0	0	0	0	0	0	0	0	0	0	0	0	0	0	0	0	0	0	0	0	0	0	0	0	0	0	0	0	0	0	0	0	0	0	0	0	0	0	0	0	0	0	0	0	0	0	0	0	0	0	0	0	0	0	0	0	0	0	0	0	0	0	0	0	0	0	0	0	0	0	0	0	0	0	0	0	0	0	0	0	0	0	0	0	0	0	0	0	0	0	0	0	0	0	0	0	0	0	0	0	0	0	0	0	0	0	0	0	0	0	0	0	0	0	0	0	1	0	0	0	0	0	0	0	0	0	0	0	0
BACasv411	0	0	0	0	0	0	0	0	0	1	0	0	0	0	0	0	0	0	0	0	0	0	0	0	0	0	0	0	0	0	0	0	0	0	0	0	0	0	0	0	0	0	0	1	0	0	0	0	0	1	0	0	0	0	0	0	0	0	0	0	0	0	1	0	0	0	0	0	0	0	0	0	0	0	0	0	0	0	0	1	0	0	0	0	0	0	0	0	0	0	1	0	0	1	0	0	0	0	0	0	1	0	0	0	1	0	1	1	0	1	1	0	0	0	1	1	0	0	1	0	0	0	1	0	1	0	0	0	0	1	0	1	0	0	1	1	0	1	0	1	0	0	0	1	0	1	0	1	0	0	1	0	0	0	1	1	1	0	0	1	1	1	1	1	0	1	0	0	1	0	1	1	1	1	1	1	0	1	1	1	1	1	1	1	1	1	1	1	0	1	1	1	1	0	1	1	1	1	1	1	1
BACasv412	0	0	0	0	0	0	0	0	0	1	0	0	0	0	0	0	0	0	0	0	0	0	0	0	0	0	0	0	0	0	0	0	0	0	0	0	0	0	0	0	0	0	0	1	0	0	0	0	0	1	0	0	0	0	0	0	0	0	0	0	0	0	1	0	0	0	0	0	0	0	0	0	0	0	0	0	0	0	0	1	0	0	0	0	0	0	0	0	0	0	1	0	0	1	0	0	0	0	0	0	1	0	0	0	1	0	1	1	0	1	1	0	0	0	1	1	0	0	1	0	0	0	1	0	1	0	0	0	0	1	0	1	0	0	1	1	0	1	0	1	0	0	1	0	0	1	0	1	0	0	1	0	0	0	1	1	1	0	0	1	1	1	1	1	0	1	0	0	1	0	1	1	1	1	1	1	0	1	1	1	1	1	1	1	1	1	1	1	0	1	1	1	1	0	1	1	1	1	1	1	1
BACasv413	0	1	0	0	1	1	1	1	0	0	0	0	1	0	1	1	0	0	1	1	1	0	0	1	1	1	0	0	0	0	0	0	0	1	1	0	0	0	0	0	0	1	1	0	0	1	1	0	1	0	1	1	1	1	0	0	1	0	1	1	0	1	0	1	1	0	0	1	1	0	1	0	1	0	0	1	0	0	1	0	1	1	0	0	1	1	1	1	1	0	0	0	1	0	1	0	1	0	1	1	0	1	1	1	0	1	0	0	0	0	0	0	0	1	0	0	1	1	0	1	0	0	0	1	0	0	0	0	1	0	0	0	0	0	0	0	1	0	1	0	0	0	0	0	0	0	0	0	1	1	0	1	0	0	0	0	0	1	1	0	0	0	0	0	1	0	0	1	0	1	0	0	0	0	0	0	1	0	0	0	0	0	0	0	0	0	0	0	0	0	0	0	0	1	0	0	0	0	0	0	0
BACasv428	0	0	0	0	0	0	0	0	0	1	0	0	0	0	0	0	0	0	0	0	0	0	0	0	0	0	0	0	0	0	0	0	0	0	0	0	0	0	0	0	0	0	0	1	0	0	0	0	0	1	0	0	0	0	0	0	0	0	0	0	0	0	1	0	0	0	0	0	0	0	0	0	0	0	0	0	0	0	0	1	0	0	0	0	0	0	0	0	0	0	1	0	0	1	0	0	0	0	0	0	1	0	0	0	1	0	1	1	0	1	1	0	0	0	1	1	0	0	1	0	0	0	1	0	1	0	0	0	0	1	0	1	0	0	1	1	0	1	0	1	0	0	1	1	0	0	0	1	0	0	1	0	0	0	1	1	1	0	0	1	1	1	1	1	0	1	0	0	1	0	1	1	1	1	1	1	0	1	1	1	1	1	1	1	1	1	1	1	0	1	1	1	1	0	1	1	1	1	1	1	1
BACasv429	0	0	0	0	0	0	0	0	0	0	0	0	0	0	0	0	0	0	0	0	0	0	0	0	0	0	0	0	0	0	0	0	0	0	0	0	0	0	0	0	0	0	0	0	0	0	0	0	0	0	0	0	0	0	0	0	0	0	0	0	0	0	0	0	0	0	0	0	0	0	0	0	0	0	0	0	0	0	0	0	0	0	0	0	0	0	0	0	0	0	0	0	0	0	0	0	0	0	0	0	0	0	0	0	0	0	0	0	0	0	0	0	1	0	0	0	0	0	0	0	0	0	0	0	0	0	0	0	0	0	0	0	0	0	0	0	0	0	0	0	0	0	0	0	0	0	0	0	0	0	0	0	0	0	0	0	0	0	0	0	0	0	0	0	0	0	0	0	0	0	0	0	0	0	0	0	0	0	0	0	0	0	0	0	0	0	0	0	0	0	0	0	0	0	0	0	0	0	0	0	0
BACasv430	0	0	0	0	0	0	0	0	0	1	0	0	0	0	0	0	0	0	0	0	0	0	0	0	0	0	0	0	0	0	0	0	0	0	0	0	0	0	0	0	0	0	0	1	0	0	0	0	0	1	0	0	0	0	0	0	0	0	0	0	0	0	1	0	0	0	0	0	0	0	0	0	0	0	0	0	0	0	0	1	0	0	0	0	0	0	0	0	0	0	1	0	0	1	0	0	0	0	0	0	1	0	0	0	1	0	1	1	0	1	1	0	0	0	1	1	0	0	1	0	0	0	1	0	1	0	0	0	0	1	0	1	0	0	1	1	0	1	0	1	0	0	1	1	0	1	0	0	0	0	1	0	0	0	1	1	1	0	0	1	1	1	1	1	0	1	0	0	1	0	1	1	1	1	1	1	0	1	1	1	1	1	1	1	1	1	1	1	0	1	1	1	1	0	1	1	1	1	1	1	1
BACasv440	0	1	0	0	1	1	1	1	0	0	0	0	1	0	1	1	0	0	1	1	1	0	0	1	1	1	0	0	0	0	0	0	0	1	1	0	0	0	0	0	0	1	1	0	0	1	1	0	1	0	1	1	1	1	0	0	1	0	1	1	0	1	0	1	1	0	0	1	1	0	1	0	1	0	0	1	0	0	1	0	1	1	0	0	1	1	1	1	1	0	0	0	1	0	1	0	1	0	1	1	0	1	1	1	0	1	0	0	0	0	0	0	0	1	0	0	1	1	0	1	0	0	0	1	0	0	0	0	1	0	0	0	0	0	0	0	1	0	1	0	0	0	0	0	1	0	0	0	0	1	0	1	0	0	0	0	0	1	1	0	0	0	0	0	1	0	0	1	0	1	0	0	0	0	0	0	1	0	0	0	0	0	0	0	0	0	0	0	0	0	0	0	0	1	0	0	0	0	0	0	0
BACasv442	0	1	0	0	1	1	1	1	0	0	0	0	1	0	1	1	0	0	1	1	1	0	0	1	1	1	0	0	0	0	0	0	0	1	1	0	0	0	0	0	0	1	1	0	0	1	1	0	1	0	1	1	1	1	0	0	1	0	1	1	0	1	0	1	1	0	0	1	1	0	1	0	1	0	0	1	0	0	1	0	1	1	0	0	1	1	1	1	1	0	0	0	1	0	1	0	1	0	1	1	0	1	1	1	0	1	0	0	0	0	0	0	0	1	0	0	1	1	0	1	0	0	0	1	0	0	0	0	1	0	0	0	0	0	0	0	1	0	1	0	0	0	0	0	1	0	0	0	1	0	0	1	0	0	0	0	0	1	1	0	0	0	0	0	1	0	0	1	0	1	0	0	0	0	0	0	1	0	0	0	0	0	0	0	0	0	0	0	0	0	0	0	0	1	0	0	0	0	0	0	0
BACasv449	0	0	0	0	0	0	0	0	0	1	0	0	0	0	0	0	0	0	0	0	0	0	0	0	0	0	0	0	0	0	0	0	0	0	0	0	0	0	0	0	0	0	0	1	0	0	0	0	0	1	0	0	0	0	0	0	0	0	0	0	0	0	1	0	0	0	0	0	0	0	0	0	0	0	0	0	0	0	0	1	0	0	0	0	0	0	0	0	0	0	1	0	0	1	0	0	0	0	0	0	1	0	0	0	1	0	1	1	0	1	1	0	0	0	1	1	0	0	1	0	0	0	1	0	1	0	0	0	0	1	0	1	0	0	1	1	0	1	0	1	0	0	1	1	0	1	0	1	0	0	0	0	0	0	1	1	1	0	0	1	1	1	1	1	0	1	0	0	1	0	1	1	1	1	1	1	0	1	1	1	1	1	1	1	1	1	1	1	0	1	1	1	1	0	1	1	1	1	1	1	1
BACasv450	0	1	0	0	1	1	1	1	0	0	0	0	1	0	1	1	0	0	1	1	1	0	0	1	1	1	0	0	0	0	0	0	0	1	1	0	0	0	0	0	0	1	1	0	0	1	1	0	1	0	1	1	1	1	0	0	1	0	1	1	0	1	0	1	1	0	0	1	1	0	1	0	1	0	0	1	0	0	1	0	1	1	0	0	1	1	1	1	1	0	0	0	1	0	1	0	1	0	1	1	0	1	1	1	0	1	0	0	0	0	0	0	0	1	0	0	1	1	0	1	0	0	0	1	0	0	0	0	1	0	0	0	0	0	0	0	1	0	1	0	0	0	0	0	1	0	0	0	1	1	0	0	0	0	0	0	0	1	1	0	0	0	0	0	1	0	0	1	0	1	0	0	0	0	0	0	1	0	0	0	0	0	0	0	0	0	0	0	0	0	0	0	0	1	0	0	0	0	0	0	0
BACasv455	0	0	0	0	0	0	0	0	0	0	0	0	0	0	0	0	0	0	0	0	0	0	0	0	0	0	0	0	0	0	0	0	0	0	0	0	0	0	0	0	0	0	0	0	0	0	0	0	0	0	0	0	0	0	0	0	0	0	0	0	0	0	0	0	0	0	0	0	0	1	0	0	0	0	0	0	0	0	0	0	0	0	0	0	0	0	0	0	0	0	0	0	0	0	0	0	0	0	0	0	0	0	0	0	0	0	0	0	0	0	0	0	0	0	0	0	0	0	0	0	0	1	0	0	0	0	0	0	0	0	0	0	0	0	0	0	0	0	0	0	0	0	0	0	0	0	0	0	0	0	0	0	0	0	0	0	0	0	0	0	0	0	0	0	0	0	0	0	0	0	0	0	0	0	0	0	0	0	0	0	0	0	0	0	0	0	0	0	0	0	0	0	0	0	0	0	0	0	0	0	0
BACasv472	0	0	0	0	0	0	0	0	0	0	0	0	0	0	0	0	0	0	0	0	0	0	0	0	0	0	0	0	0	1	0	0	0	0	0	0	0	0	0	0	0	0	0	0	0	0	0	0	0	0	0	0	0	0	0	0	0	0	0	0	0	0	0	0	0	0	0	0	0	0	0	0	0	0	0	0	0	0	0	0	0	0	0	0	0	0	0	0	0	0	0	0	0	0	0	0	0	0	0	0	0	0	0	0	0	0	0	0	0	0	0	1	0	0	0	0	0	0	0	0	0	0	0	0	0	0	0	0	0	0	0	0	0	0	0	0	0	0	0	0	0	0	0	0	0	0	0	0	0	0	0	0	0	0	0	0	0	0	0	0	0	0	0	0	0	0	0	0	0	0	0	0	0	0	0	0	0	0	0	0	0	0	0	0	0	0	0	0	0	0	0	0	0	0	0	0	0	0	0	0	0
BACasv493	0	0	0	0	0	0	0	0	0	1	0	0	0	0	0	0	0	0	0	0	0	0	0	0	0	0	0	0	0	0	0	0	0	0	0	0	0	0	0	0	0	0	0	1	0	0	0	0	0	1	0	0	0	0	0	0	0	0	0	0	0	0	1	0	0	0	0	0	0	0	0	0	0	0	0	0	0	0	0	1	0	0	0	0	0	0	0	0	0	0	1	0	0	1	0	0	0	0	0	0	1	0	0	0	1	0	1	1	0	1	1	0	0	0	1	1	0	0	1	0	0	0	1	0	1	0	0	0	0	1	0	1	0	0	1	1	0	1	0	1	0	0	1	1	0	1	0	1	0	0	1	0	0	0	0	1	1	0	0	1	1	1	1	1	0	1	0	0	1	0	1	1	1	1	1	1	0	1	1	1	1	1	1	1	1	1	1	1	0	1	1	1	1	0	1	1	1	1	1	1	1
BACasv511	0	0	0	0	0	0	0	0	0	1	0	0	0	0	0	0	0	0	0	0	0	0	0	0	0	0	0	0	0	0	0	0	0	0	0	0	0	0	0	0	0	0	0	1	0	0	0	0	0	1	0	0	0	0	0	0	0	0	0	0	0	0	1	0	0	0	0	0	0	0	0	0	0	0	0	0	0	0	0	1	0	0	0	0	0	0	0	0	0	0	1	0	0	1	0	0	0	0	0	0	1	0	0	0	1	0	1	1	0	1	1	0	0	0	1	1	0	0	1	0	0	0	1	0	1	0	0	0	0	1	0	1	0	0	1	1	0	1	0	1	0	0	1	1	0	1	0	1	0	0	1	0	0	0	1	0	1	0	0	1	1	1	1	1	0	1	0	0	1	0	1	1	1	1	1	1	0	1	1	1	1	1	1	1	1	1	1	1	0	1	1	1	1	0	1	1	1	1	1	1	1
BACasv512	0	0	0	0	0	0	0	0	0	1	0	0	0	0	0	0	0	0	0	0	0	0	0	0	0	0	0	0	0	0	0	0	0	0	0	0	0	0	0	0	0	0	0	1	0	0	0	0	0	1	0	0	0	0	0	0	0	0	0	0	0	0	1	0	0	0	0	0	0	0	0	0	0	0	0	0	0	0	0	1	0	0	0	0	0	0	0	0	0	0	1	0	0	1	0	0	0	0	0	0	1	0	0	0	1	0	1	1	0	1	1	0	0	0	1	1	0	0	1	0	0	0	1	0	1	0	0	0	0	1	0	1	0	0	1	1	0	1	0	1	0	0	1	1	0	1	0	1	0	0	1	0	0	0	1	1	0	0	0	1	1	1	1	1	0	1	0	0	1	0	1	1	1	1	1	1	0	1	1	1	1	1	1	1	1	1	1	1	0	1	1	1	1	0	1	1	1	1	1	1	1
BACasv514	0	1	0	0	1	1	1	1	0	0	0	0	1	0	1	1	0	0	1	1	1	0	0	1	1	1	0	0	0	0	0	0	0	1	1	0	0	0	0	0	0	1	1	0	0	1	1	0	1	0	1	1	1	1	0	0	1	0	1	1	0	1	0	1	1	0	0	1	1	0	1	0	1	0	0	1	0	0	1	0	1	1	0	0	1	1	1	1	1	0	0	0	1	0	1	0	1	0	1	1	0	1	1	1	0	1	0	0	0	0	0	0	0	1	0	0	1	1	0	1	0	0	0	1	0	0	0	0	1	0	0	0	0	0	0	0	1	0	1	0	0	0	0	0	1	0	0	0	1	1	0	1	0	0	0	0	0	0	1	0	0	0	0	0	1	0	0	1	0	1	0	0	0	0	0	0	1	0	0	0	0	0	0	0	0	0	0	0	0	0	0	0	0	1	0	0	0	0	0	0	0
BACasv522	0	1	0	0	1	1	1	1	0	0	0	0	1	0	1	1	0	0	1	1	1	0	0	1	1	1	0	0	0	0	0	0	0	1	1	0	0	0	0	0	0	1	1	0	0	1	1	0	1	0	1	1	1	1	0	0	1	0	1	1	0	1	0	1	1	0	0	1	1	0	1	0	1	0	0	1	0	0	1	0	1	1	0	0	1	1	1	1	1	0	0	0	1	0	1	0	1	0	1	1	0	1	1	1	0	1	0	0	0	0	0	0	0	1	0	0	1	1	0	1	0	0	0	1	0	0	0	0	1	0	0	0	0	0	0	0	1	0	1	0	0	0	0	0	1	0	0	0	1	1	0	1	0	0	0	0	0	1	0	0	0	0	0	0	1	0	0	1	0	1	0	0	0	0	0	0	1	0	0	0	0	0	0	0	0	0	0	0	0	0	0	0	0	1	0	0	0	0	0	0	0
BACasv540	0	0	0	0	0	0	0	0	0	1	0	0	0	0	0	0	0	0	0	0	0	0	0	0	0	0	0	0	0	0	0	0	0	0	0	0	0	0	0	0	0	0	0	1	0	0	0	0	0	1	0	0	0	0	0	0	0	0	0	0	0	0	1	0	0	0	0	0	0	0	0	0	0	0	0	0	0	0	0	1	0	0	0	0	0	0	0	0	0	0	1	0	0	1	0	0	0	0	0	0	1	0	0	0	1	0	1	1	0	1	1	0	0	0	1	1	0	0	1	0	0	0	1	0	1	0	0	0	0	1	0	1	0	0	1	1	0	1	0	1	0	0	1	1	0	1	0	1	0	0	1	0	0	0	1	1	1	0	0	0	1	1	1	1	0	1	0	0	1	0	1	1	1	1	1	1	0	1	1	1	1	1	1	1	1	1	1	1	0	1	1	1	1	0	1	1	1	1	1	1	1
BACasv541	0	0	0	0	0	0	0	0	0	1	0	0	0	0	0	0	0	0	0	0	0	0	0	0	0	0	0	0	0	0	0	0	0	0	0	0	0	0	0	0	0	0	0	1	0	0	0	0	0	1	0	0	0	0	0	0	0	0	0	0	0	0	1	0	0	0	0	0	0	0	0	0	0	0	0	0	0	0	0	1	0	0	0	0	0	0	0	0	0	0	1	0	0	1	0	0	0	0	0	0	1	0	0	0	1	0	1	1	0	1	1	0	0	0	1	1	0	0	1	0	0	0	1	0	1	0	0	0	0	1	0	1	0	0	1	1	0	1	0	1	0	0	1	1	0	1	0	1	0	0	1	0	0	0	1	1	1	0	0	1	0	1	1	1	0	1	0	0	1	0	1	1	1	1	1	1	0	1	1	1	1	1	1	1	1	1	1	1	0	1	1	1	1	0	1	1	1	1	1	1	1
BACasv548	0	0	0	0	0	0	0	0	0	1	0	0	0	0	0	0	0	0	0	0	0	0	0	0	0	0	0	0	0	0	0	0	0	0	0	0	0	0	0	0	0	0	0	1	0	0	0	0	0	1	0	0	0	0	0	0	0	0	0	0	0	0	1	0	0	0	0	0	0	0	0	0	0	0	0	0	0	0	0	1	0	0	0	0	0	0	0	0	0	0	1	0	0	1	0	0	0	0	0	0	1	0	0	0	1	0	1	1	0	1	1	0	0	0	1	1	0	0	1	0	0	0	1	0	1	0	0	0	0	1	0	1	0	0	1	1	0	1	0	1	0	0	1	1	0	1	0	1	0	0	1	0	0	0	1	1	1	0	0	1	1	0	1	1	0	1	0	0	1	0	1	1	1	1	1	1	0	1	1	1	1	1	1	1	1	1	1	1	0	1	1	1	1	0	1	1	1	1	1	1	1
BACasv549	0	0	0	0	0	0	0	0	0	1	0	0	0	0	0	0	0	0	0	0	0	0	0	0	0	0	0	0	0	0	0	0	0	0	0	0	0	0	0	0	0	0	0	1	0	0	0	0	0	1	0	0	0	0	0	0	0	0	0	0	0	0	1	0	0	0	0	0	0	0	0	0	0	0	0	0	0	0	0	1	0	0	0	0	0	0	0	0	0	0	1	0	0	1	0	0	0	0	0	0	1	0	0	0	1	0	1	1	0	1	1	0	0	0	1	1	0	0	1	0	0	0	1	0	1	0	0	0	0	1	0	1	0	0	1	1	0	1	0	1	0	0	1	1	0	1	0	1	0	0	1	0	0	0	1	1	1	0	0	1	1	1	0	1	0	1	0	0	1	0	1	1	1	1	1	1	0	1	1	1	1	1	1	1	1	1	1	1	0	1	1	1	1	0	1	1	1	1	1	1	1
BACasv556	0	0	0	0	0	0	0	0	0	1	0	0	0	0	0	0	0	0	0	0	0	0	0	0	0	0	0	0	0	0	0	0	0	0	0	0	0	0	0	0	0	0	0	1	0	0	0	0	0	1	0	0	0	0	0	0	0	0	0	0	0	0	1	0	0	0	0	0	0	0	0	0	0	0	0	0	0	0	0	1	0	0	0	0	0	0	0	0	0	0	1	0	0	1	0	0	0	0	0	0	1	0	0	0	1	0	1	1	0	1	1	0	0	0	1	1	0	0	1	0	0	0	1	0	1	0	0	0	0	1	0	1	0	0	1	1	0	1	0	1	0	0	1	1	0	1	0	1	0	0	1	0	0	0	1	1	1	0	0	1	1	1	1	0	0	1	0	0	1	0	1	1	1	1	1	1	0	1	1	1	1	1	1	1	1	1	1	1	0	1	1	1	1	0	1	1	1	1	1	1	1
BACasv562	0	1	0	0	1	1	1	1	0	0	0	0	1	0	1	1	0	0	1	1	1	0	0	1	1	1	0	0	0	0	0	0	0	1	1	0	0	0	0	0	0	1	1	0	0	1	1	0	1	0	1	1	1	1	0	0	1	0	1	1	0	1	0	1	1	0	0	1	1	0	1	0	1	0	0	1	0	0	1	0	1	1	0	0	1	1	1	1	1	0	0	0	1	0	1	0	1	0	1	1	0	1	1	1	0	1	0	0	0	0	0	0	0	1	0	0	1	1	0	1	0	0	0	1	0	0	0	0	1	0	0	0	0	0	0	0	1	0	1	0	0	0	0	0	1	0	0	0	1	1	0	1	0	0	0	0	0	1	1	0	0	0	0	0	0	0	0	1	0	1	0	0	0	0	0	0	1	0	0	0	0	0	0	0	0	0	0	0	0	0	0	0	0	1	0	0	0	0	0	0	0
BACasv569	0	0	0	0	0	0	0	0	0	1	0	0	0	0	0	0	0	0	0	0	0	0	0	0	0	0	0	0	0	0	0	0	0	0	0	0	0	0	0	0	0	0	0	1	0	0	0	0	0	1	0	0	0	0	0	0	0	0	0	0	0	0	1	0	0	0	0	0	0	0	0	0	0	0	0	0	0	0	0	1	0	0	0	0	0	0	0	0	0	0	1	0	0	1	0	0	0	0	0	0	1	0	0	0	1	0	1	1	0	1	1	0	0	0	1	1	0	0	1	0	0	0	1	0	1	0	0	0	0	1	0	1	0	0	1	1	0	1	0	1	0	0	1	1	0	1	0	1	0	0	1	0	0	0	1	1	1	0	0	1	1	1	1	1	0	0	0	0	1	0	1	1	1	1	1	1	0	1	1	1	1	1	1	1	1	1	1	1	0	1	1	1	1	0	1	1	1	1	1	1	1
BACasv580	0	0	0	0	0	0	0	0	0	0	0	0	0	0	0	0	0	0	0	0	0	0	0	0	0	0	0	0	0	0	0	0	0	0	0	0	0	0	1	0	0	0	0	0	0	0	0	0	0	0	0	0	0	0	0	0	0	0	0	0	1	0	0	0	0	0	0	0	0	0	0	0	0	0	0	0	0	0	0	0	0	0	0	0	0	0	0	0	0	0	0	0	0	0	0	0	0	0	0	0	0	0	0	0	0	0	0	0	0	0	0	0	0	0	0	0	0	0	0	0	0	0	0	0	0	0	0	0	0	0	0	0	0	0	0	0	0	0	0	0	0	0	0	0	0	0	0	0	0	0	0	0	0	0	0	0	0	0	0	0	0	0	0	0	0	0	0	0	0	0	0	0	0	0	0	0	0	0	0	0	0	0	0	0	0	0	0	0	0	0	0	0	0	0	0	0	0	0	0	0	0
BACasv581	0	1	0	0	1	1	1	1	0	0	0	0	1	0	1	1	0	0	1	1	1	0	0	1	1	1	0	0	0	0	0	0	0	1	1	0	0	0	0	0	0	1	1	0	0	1	1	0	1	0	1	1	1	1	0	0	1	0	1	1	0	1	0	1	1	0	0	1	1	0	1	0	1	0	0	1	0	0	1	0	1	1	0	0	1	1	1	1	1	0	0	0	1	0	1	0	1	0	1	1	0	1	1	1	0	1	0	0	0	0	0	0	0	1	0	0	1	1	0	1	0	0	0	1	0	0	0	0	1	0	0	0	0	0	0	0	1	0	1	0	0	0	0	0	1	0	0	0	1	1	0	1	0	0	0	0	0	1	1	0	0	0	0	0	1	0	0	0	0	1	0	0	0	0	0	0	1	0	0	0	0	0	0	0	0	0	0	0	0	0	0	0	0	1	0	0	0	0	0	0	0
BACasv596	0	0	0	0	0	0	0	0	0	1	0	0	0	0	0	0	0	0	0	0	0	0	0	0	0	0	0	0	0	0	0	0	0	0	0	0	0	0	0	0	0	0	0	1	0	0	0	0	0	1	0	0	0	0	0	0	0	0	0	0	0	0	1	0	0	0	0	0	0	0	0	0	0	0	0	0	0	0	0	1	0	0	0	0	0	0	0	0	0	0	1	0	0	1	0	0	0	0	0	0	1	0	0	0	1	0	1	1	0	1	1	0	0	0	1	1	0	0	1	0	0	0	1	0	1	0	0	0	0	1	0	1	0	0	1	1	0	1	0	1	0	0	1	1	0	1	0	1	0	0	1	0	0	0	1	1	1	0	0	1	1	1	1	1	0	1	0	0	0	0	1	1	1	1	1	1	0	1	1	1	1	1	1	1	1	1	1	1	0	1	1	1	1	0	1	1	1	1	1	1	1
BACasv597	0	1	0	0	1	1	1	1	0	0	0	0	1	0	1	1	0	0	1	1	1	0	0	1	1	1	0	0	0	0	0	0	0	1	1	0	0	0	0	0	0	1	1	0	0	1	1	0	1	0	1	1	1	1	0	0	1	0	1	1	0	1	0	1	1	0	0	1	1	0	1	0	1	0	0	1	0	0	1	0	1	1	0	0	1	1	1	1	1	0	0	0	1	0	1	0	1	0	1	1	0	1	1	1	0	1	0	0	0	0	0	0	0	1	0	0	1	1	0	1	0	0	0	1	0	0	0	0	1	0	0	0	0	0	0	0	1	0	1	0	0	0	0	0	1	0	0	0	1	1	0	1	0	0	0	0	0	1	1	0	0	0	0	0	1	0	0	1	0	0	0	0	0	0	0	0	1	0	0	0	0	0	0	0	0	0	0	0	0	0	0	0	0	1	0	0	0	0	0	0	0
BACasv610	0	0	0	0	0	0	0	0	0	1	0	0	0	0	0	0	0	0	0	0	0	0	0	0	0	0	0	0	0	0	0	0	0	0	0	0	0	0	0	0	0	0	0	1	0	0	0	0	0	1	0	0	0	0	0	0	0	0	0	0	0	0	1	0	0	0	0	0	0	0	0	0	0	0	0	0	0	0	0	1	0	0	0	0	0	0	0	0	0	0	1	0	0	1	0	0	0	0	0	0	1	0	0	0	1	0	1	1	0	1	1	0	0	0	1	1	0	0	1	0	0	0	1	0	1	0	0	0	0	1	0	1	0	0	1	1	0	1	0	1	0	0	1	1	0	1	0	1	0	0	1	0	0	0	1	1	1	0	0	1	1	1	1	1	0	1	0	0	1	0	0	1	1	1	1	1	0	1	1	1	1	1	1	1	1	1	1	1	0	1	1	1	1	0	1	1	1	1	1	1	1
BACasv622	0	0	0	0	0	0	0	0	0	1	0	0	0	0	0	0	0	0	0	0	0	0	0	0	0	0	0	0	0	0	0	0	0	0	0	0	0	0	0	0	0	0	0	1	0	0	0	0	0	1	0	0	0	0	0	0	0	0	0	0	0	0	1	0	0	0	0	0	0	0	0	0	0	0	0	0	0	0	0	1	0	0	0	0	0	0	0	0	0	0	1	0	0	1	0	0	0	0	0	0	1	0	0	0	1	0	1	1	0	1	1	0	0	0	1	1	0	0	1	0	0	0	1	0	1	0	0	0	0	1	0	1	0	0	1	1	0	1	0	1	0	0	1	1	0	1	0	1	0	0	1	0	0	0	1	1	1	0	0	1	1	1	1	1	0	1	0	0	1	0	1	0	1	1	1	1	0	1	1	1	1	1	1	1	1	1	1	1	0	1	1	1	1	0	1	1	1	1	1	1	1
BACasv645	0	0	0	0	0	0	0	0	0	1	0	0	0	0	0	0	0	0	0	0	0	0	0	0	0	0	0	0	0	0	0	0	0	0	0	0	0	0	0	0	0	0	0	1	0	0	0	0	0	1	0	0	0	0	0	0	0	0	0	0	0	0	1	0	0	0	0	0	0	0	0	0	0	0	0	0	0	0	0	1	0	0	0	0	0	0	0	0	0	0	1	0	0	1	0	0	0	0	0	0	1	0	0	0	1	0	1	1	0	1	1	0	0	0	1	1	0	0	1	0	0	0	1	0	1	0	0	0	0	1	0	1	0	0	1	1	0	1	0	1	0	0	1	1	0	1	0	1	0	0	1	0	0	0	1	1	1	0	0	1	1	1	1	1	0	1	0	0	1	0	1	1	0	1	1	1	0	1	1	1	1	1	1	1	1	1	1	1	0	1	1	1	1	0	1	1	1	1	1	1	1
BACasv646	0	0	0	0	0	0	0	0	0	1	0	0	0	0	0	0	0	0	0	0	0	0	0	0	0	0	0	0	0	0	0	0	0	0	0	0	0	0	0	0	0	0	0	1	0	0	0	0	0	1	0	0	0	0	0	0	0	0	0	0	0	0	1	0	0	0	0	0	0	0	0	0	0	0	0	0	0	0	0	1	0	0	0	0	0	0	0	0	0	0	1	0	0	1	0	0	0	0	0	0	1	0	0	0	1	0	1	1	0	1	1	0	0	0	1	1	0	0	1	0	0	0	1	0	1	0	0	0	0	1	0	1	0	0	1	1	0	1	0	1	0	0	1	1	0	1	0	1	0	0	1	0	0	0	1	1	1	0	0	1	1	1	1	1	0	1	0	0	1	0	1	1	1	0	1	1	0	1	1	1	1	1	1	1	1	1	1	1	0	1	1	1	1	0	1	1	1	1	1	1	1
BACasv647	0	0	0	0	0	0	0	0	0	1	0	0	0	0	0	0	0	0	0	0	0	0	0	0	0	0	0	0	0	0	0	0	0	0	0	0	0	0	0	0	0	0	0	1	0	0	0	0	0	1	0	0	0	0	0	0	0	0	0	0	0	0	1	0	0	0	0	0	0	0	0	0	0	0	0	0	0	0	0	1	0	0	0	0	0	0	0	0	0	0	1	0	0	1	0	0	0	0	0	0	1	0	0	0	1	0	1	1	0	1	1	0	0	0	1	1	0	0	1	0	0	0	1	0	1	0	0	0	0	1	0	1	0	0	1	1	0	1	0	1	0	0	1	1	0	1	0	1	0	0	1	0	0	0	1	1	1	0	0	1	1	1	1	1	0	1	0	0	1	0	1	1	1	1	0	1	0	1	1	1	1	1	1	1	1	1	1	1	0	1	1	1	1	0	1	1	1	1	1	1	1
BACasv665	0	0	0	0	0	0	0	0	0	1	0	0	0	0	0	0	0	0	0	0	0	0	0	0	0	0	0	0	0	0	0	0	0	0	0	0	0	0	0	0	0	0	0	1	0	0	0	0	0	1	0	0	0	0	0	0	0	0	0	0	0	0	1	0	0	0	0	0	0	0	0	0	0	0	0	0	0	0	0	1	0	0	0	0	0	0	0	0	0	0	1	0	0	1	0	0	0	0	0	0	1	0	0	0	1	0	1	1	0	1	1	0	0	0	1	1	0	0	1	0	0	0	1	0	1	0	0	0	0	1	0	1	0	0	1	1	0	1	0	1	0	0	1	1	0	1	0	1	0	0	1	0	0	0	1	1	1	0	0	1	1	1	1	1	0	1	0	0	1	0	1	1	1	1	1	0	0	1	1	1	1	1	1	1	1	1	1	1	0	1	1	1	1	0	1	1	1	1	1	1	1
BACasv672	0	1	0	0	1	1	1	1	0	0	0	0	1	0	1	1	0	0	1	1	1	0	0	1	1	1	0	0	0	0	0	0	0	1	1	0	0	0	0	0	0	1	1	0	0	1	1	0	1	0	1	1	1	1	0	0	1	0	1	1	0	1	0	1	1	0	0	1	1	0	1	0	1	0	0	1	0	0	1	0	1	1	0	0	1	1	1	1	1	0	0	0	1	0	1	0	1	0	1	1	0	1	1	1	0	1	0	0	0	0	0	0	0	1	0	0	1	1	0	1	0	0	0	1	0	0	0	0	1	0	0	0	0	0	0	0	1	0	1	0	0	0	0	0	1	0	0	0	1	1	0	1	0	0	0	0	0	1	1	0	0	0	0	0	1	0	0	1	0	1	0	0	0	0	0	0	0	0	0	0	0	0	0	0	0	0	0	0	0	0	0	0	0	1	0	0	0	0	0	0	0
BACasv673	0	0	0	0	0	0	0	0	0	1	0	0	0	0	0	0	0	0	0	0	0	0	0	0	0	0	0	0	0	0	0	0	0	0	0	0	0	0	0	0	0	0	0	1	0	0	0	0	0	1	0	0	0	0	0	0	0	0	0	0	0	0	1	0	0	0	0	0	0	0	0	0	0	0	0	0	0	0	0	1	0	0	0	0	0	0	0	0	0	0	1	0	0	1	0	0	0	0	0	0	1	0	0	0	1	0	1	1	0	1	1	0	0	0	1	1	0	0	1	0	0	0	1	0	1	0	0	0	0	1	0	1	0	0	1	1	0	1	0	1	0	0	1	1	0	1	0	1	0	0	1	0	0	0	1	1	1	0	0	1	1	1	1	1	0	1	0	0	1	0	1	1	1	1	1	1	0	0	1	1	1	1	1	1	1	1	1	1	0	1	1	1	1	0	1	1	1	1	1	1	1
BACasv683	0	0	0	0	0	0	0	0	0	1	0	0	0	0	0	0	0	0	0	0	0	0	0	0	0	0	0	0	0	0	0	0	0	0	0	0	0	0	0	0	0	0	0	1	0	0	0	0	0	1	0	0	0	0	0	0	0	0	0	0	0	0	1	0	0	0	0	0	0	0	0	0	0	0	0	0	0	0	0	1	0	0	0	0	0	0	0	0	0	0	1	0	0	1	0	0	0	0	0	0	1	0	0	0	1	0	1	1	0	1	1	0	0	0	1	1	0	0	1	0	0	0	1	0	1	0	0	0	0	1	0	1	0	0	1	1	0	1	0	1	0	0	1	1	0	1	0	1	0	0	1	0	0	0	1	1	1	0	0	1	1	1	1	1	0	1	0	0	1	0	1	1	1	1	1	1	0	1	0	1	1	1	1	1	1	1	1	1	0	1	1	1	1	0	1	1	1	1	1	1	1
BACasv690	0	0	0	0	0	0	0	0	0	1	0	0	0	0	0	0	0	0	0	0	0	0	0	0	0	0	0	0	0	0	0	0	0	0	0	0	0	0	0	0	0	0	0	1	0	0	0	0	0	1	0	0	0	0	0	0	0	0	0	0	0	0	1	0	0	0	0	0	0	0	0	0	0	0	0	0	0	0	0	1	0	0	0	0	0	0	0	0	0	0	1	0	0	1	0	0	0	0	0	0	1	0	0	0	1	0	1	1	0	1	1	0	0	0	1	1	0	0	1	0	0	0	1	0	1	0	0	0	0	1	0	1	0	0	1	1	0	1	0	1	0	0	1	1	0	1	0	1	0	0	1	0	0	0	1	1	1	0	0	1	1	1	1	1	0	1	0	0	1	0	1	1	1	1	1	1	0	1	1	0	1	1	1	1	1	1	1	1	0	1	1	1	1	0	1	1	1	1	1	1	1
BACasv709	0	0	0	0	0	0	0	0	0	1	0	0	0	0	0	0	0	0	0	0	0	0	0	0	0	0	0	0	0	0	0	0	0	0	0	0	0	0	0	0	0	0	0	1	0	0	0	0	0	1	0	0	0	0	0	0	0	0	0	0	0	0	1	0	0	0	0	0	0	0	0	0	0	0	0	0	0	0	0	1	0	0	0	0	0	0	0	0	0	0	1	0	0	1	0	0	0	0	0	0	1	0	0	0	1	0	1	1	0	1	1	0	0	0	1	1	0	0	1	0	0	0	1	0	1	0	0	0	0	1	0	1	0	0	1	1	0	1	0	1	0	0	1	1	0	1	0	1	0	0	1	0	0	0	1	1	1	0	0	1	1	1	1	1	0	1	0	0	1	0	1	1	1	1	1	1	0	1	1	1	0	1	1	1	1	1	1	1	0	1	1	1	1	0	1	1	1	1	1	1	1
BACasv712	0	0	0	0	0	0	0	0	0	1	0	0	0	0	0	0	0	0	0	0	0	0	0	0	0	0	0	0	0	0	0	0	0	0	0	0	0	0	0	0	0	0	0	1	0	0	0	0	0	1	0	0	0	0	0	0	0	0	0	0	0	0	1	0	0	0	0	0	0	0	0	0	0	0	0	0	0	0	0	1	0	0	0	0	0	0	0	0	0	0	1	0	0	1	0	0	0	0	0	0	1	0	0	0	1	0	1	1	0	1	1	0	0	0	1	1	0	0	1	0	0	0	1	0	1	0	0	0	0	1	0	1	0	0	1	1	0	1	0	1	0	0	1	1	0	1	0	1	0	0	1	0	0	0	1	1	1	0	0	1	1	1	1	1	0	1	0	0	1	0	1	1	1	1	1	1	0	1	1	1	1	0	1	1	1	1	1	1	0	1	1	1	1	0	1	1	1	1	1	1	1
BACasv723	0	0	0	0	0	0	0	0	0	1	0	0	0	0	0	0	0	0	0	0	0	0	0	0	0	0	0	0	0	0	0	0	0	0	0	0	0	0	0	0	0	0	0	1	0	0	0	0	0	1	0	0	0	0	0	0	0	0	0	0	0	0	1	0	0	0	0	0	0	0	0	0	0	0	0	0	0	0	0	1	0	0	0	0	0	0	0	0	0	0	1	0	0	1	0	0	0	0	0	0	1	0	0	0	1	0	1	1	0	1	1	0	0	0	1	1	0	0	1	0	0	0	1	0	1	0	0	0	0	1	0	1	0	0	1	1	0	1	0	1	0	0	1	1	0	1	0	1	0	0	1	0	0	0	1	1	1	0	0	1	1	1	1	1	0	1	0	0	1	0	1	1	1	1	1	1	0	1	1	1	1	1	0	1	1	1	1	1	0	1	1	1	1	0	1	1	1	1	1	1	1
BACasv726	0	0	0	0	0	0	0	0	0	1	0	0	0	0	0	0	0	0	0	0	0	0	0	0	0	0	0	0	0	0	0	0	0	0	0	0	0	0	0	0	0	0	0	1	0	0	0	0	0	1	0	0	0	0	0	0	0	0	0	0	0	0	1	0	0	0	0	0	0	0	0	0	0	0	0	0	0	0	0	1	0	0	0	0	0	0	0	0	0	0	1	0	0	1	0	0	0	0	0	0	1	0	0	0	1	0	1	1	0	1	1	0	0	0	1	1	0	0	1	0	0	0	1	0	1	0	0	0	0	1	0	1	0	0	1	1	0	1	0	1	0	0	1	1	0	1	0	1	0	0	1	0	0	0	1	1	1	0	0	1	1	1	1	1	0	1	0	0	1	0	1	1	1	1	1	1	0	1	1	1	1	1	1	0	1	1	1	1	0	1	1	1	1	0	1	1	1	1	1	1	1
BACasv742	0	0	0	0	0	0	0	0	0	1	0	0	0	0	0	0	0	0	0	0	0	0	0	0	0	0	0	0	0	0	0	0	0	0	0	0	0	0	0	0	0	0	0	1	0	0	0	0	0	1	0	0	0	0	0	0	0	0	0	0	0	0	1	0	0	0	0	0	0	0	0	0	0	0	0	0	0	0	0	1	0	0	0	0	0	0	0	0	0	0	1	0	0	1	0	0	0	0	0	0	1	0	0	0	1	0	1	1	0	1	1	0	0	0	1	1	0	0	1	0	0	0	1	0	1	0	0	0	0	1	0	1	0	0	1	1	0	1	0	1	0	0	1	1	0	1	0	1	0	0	1	0	0	0	1	1	1	0	0	1	1	1	1	1	0	1	0	0	1	0	1	1	1	1	1	1	0	1	1	1	1	1	1	1	0	1	1	1	0	1	1	1	1	0	1	1	1	1	1	1	1
BACasv769	0	0	0	0	0	0	0	0	0	1	0	0	0	0	0	0	0	0	0	0	0	0	0	0	0	0	0	0	0	0	0	0	0	0	0	0	0	0	0	0	0	0	0	1	0	0	0	0	0	1	0	0	0	0	0	0	0	0	0	0	0	0	1	0	0	0	0	0	0	0	0	0	0	0	0	0	0	0	0	1	0	0	0	0	0	0	0	0	0	0	1	0	0	1	0	0	0	0	0	0	1	0	0	0	1	0	1	1	0	1	1	0	0	0	1	1	0	0	1	0	0	0	1	0	1	0	0	0	0	1	0	1	0	0	1	1	0	1	0	1	0	0	1	1	0	1	0	1	0	0	1	0	0	0	1	1	1	0	0	1	1	1	1	1	0	1	0	0	1	0	1	1	1	1	1	1	0	1	1	1	1	1	1	1	1	0	1	1	0	1	1	1	1	0	1	1	1	1	1	1	1
BACasv788	0	0	0	0	0	0	0	0	0	1	0	0	0	0	0	0	0	0	0	0	0	0	0	0	0	0	0	0	0	0	0	0	0	0	0	0	0	0	0	0	0	0	0	1	0	0	0	0	0	1	0	0	0	0	0	0	0	0	0	0	0	0	1	0	0	0	0	0	0	0	0	0	0	0	0	0	0	0	0	1	0	0	0	0	0	0	0	0	0	0	1	0	0	1	0	0	0	0	0	0	1	0	0	0	1	0	1	1	0	1	1	0	0	0	1	1	0	0	1	0	0	0	1	0	1	0	0	0	0	1	0	1	0	0	1	1	0	1	0	1	0	0	1	1	0	1	0	1	0	0	1	0	0	0	1	1	1	0	0	1	1	1	1	1	0	1	0	0	1	0	1	1	1	1	1	1	0	1	1	1	1	1	1	1	1	1	0	1	0	1	1	1	1	0	1	1	1	1	1	1	1
BACasv789	0	0	0	0	0	0	0	0	0	1	0	0	0	0	0	0	0	0	0	0	0	0	0	0	0	0	0	0	0	0	0	0	0	0	0	0	0	0	0	0	0	0	0	1	0	0	0	0	0	1	0	0	0	0	0	0	0	0	0	0	0	0	1	0	0	0	0	0	0	0	0	0	0	0	0	0	0	0	0	1	0	0	0	0	0	0	0	0	0	0	1	0	0	1	0	0	0	0	0	0	1	0	0	0	1	0	1	1	0	1	1	0	0	0	1	1	0	0	1	0	0	0	1	0	1	0	0	0	0	1	0	1	0	0	1	1	0	1	0	1	0	0	1	1	0	1	0	1	0	0	1	0	0	0	1	1	1	0	0	1	1	1	1	1	0	1	0	0	1	0	1	1	1	1	1	1	0	1	1	1	1	1	1	1	1	1	1	0	0	1	1	1	1	0	1	1	1	1	1	1	1
BACasv792	0	0	0	0	0	0	0	0	0	0	0	0	0	0	0	0	0	0	0	0	0	0	0	0	0	0	0	0	0	0	0	0	0	0	0	0	0	0	0	0	0	0	0	0	0	0	0	0	0	0	0	0	0	0	0	0	0	0	0	0	0	0	0	0	0	0	0	0	0	0	0	0	0	0	0	0	0	0	0	0	0	0	0	0	0	0	0	0	0	0	0	0	0	0	0	0	0	0	0	0	0	0	0	0	0	0	0	0	0	0	0	0	0	0	0	0	0	0	0	0	0	0	0	0	0	0	0	0	0	0	0	0	0	0	0	0	0	0	0	0	0	1	0	0	0	0	0	0	0	0	0	0	0	0	0	0	0	0	0	0	0	0	0	0	0	0	0	0	0	0	0	0	0	0	0	0	0	0	0	0	0	0	0	0	0	0	0	0	0	0	0	0	0	0	0	0	0	0	0	0	0
BACasv793	0	0	0	0	0	0	0	0	0	1	0	0	0	0	0	0	0	0	0	0	0	0	0	0	0	0	0	0	0	0	0	0	0	0	0	0	0	0	0	0	0	0	0	1	0	0	0	0	0	1	0	0	0	0	0	0	0	0	0	0	0	0	1	0	0	0	0	0	0	0	0	0	0	0	0	0	0	0	0	1	0	0	0	0	0	0	0	0	0	0	1	0	0	1	0	0	0	0	0	0	1	0	0	0	1	0	1	1	0	1	1	0	0	0	1	1	0	0	1	0	0	0	1	0	1	0	0	0	0	1	0	1	0	0	1	1	0	1	0	1	0	0	1	1	0	1	0	1	0	0	1	0	0	0	1	1	1	0	0	1	1	1	1	1	0	1	0	0	1	0	1	1	1	1	1	1	0	1	1	1	1	1	1	1	1	1	1	1	0	0	1	1	1	0	1	1	1	1	1	1	1
BACasv796	0	0	0	0	0	0	0	0	0	1	0	0	0	0	0	0	0	0	0	0	0	0	0	0	0	0	0	0	0	0	0	0	0	0	0	0	0	0	0	0	0	0	0	1	0	0	0	0	0	1	0	0	0	0	0	0	0	0	0	0	0	0	1	0	0	0	0	0	0	0	0	0	0	0	0	0	0	0	0	1	0	0	0	0	0	0	0	0	0	0	1	0	0	1	0	0	0	0	0	0	1	0	0	0	1	0	1	1	0	1	1	0	0	0	1	1	0	0	1	0	0	0	1	0	1	0	0	0	0	1	0	1	0	0	1	1	0	1	0	1	0	0	1	1	0	1	0	1	0	0	1	0	0	0	1	1	1	0	0	1	1	1	1	1	0	1	0	0	1	0	1	1	1	1	1	1	0	1	1	1	1	1	1	1	1	1	1	1	0	1	0	1	1	0	1	1	1	1	1	1	1
BACasv824	0	0	0	0	0	0	0	0	0	1	0	0	0	0	0	0	0	0	0	0	0	0	0	0	0	0	0	0	0	0	0	0	0	0	0	0	0	0	0	0	0	0	0	1	0	0	0	0	0	1	0	0	0	0	0	0	0	0	0	0	0	0	1	0	0	0	0	0	0	0	0	0	0	0	0	0	0	0	0	1	0	0	0	0	0	0	0	0	0	0	1	0	0	1	0	0	0	0	0	0	1	0	0	0	1	0	1	1	0	1	1	0	0	0	1	1	0	0	1	0	0	0	1	0	1	0	0	0	0	1	0	1	0	0	1	1	0	1	0	1	0	0	1	1	0	1	0	1	0	0	1	0	0	0	1	1	1	0	0	1	1	1	1	1	0	1	0	0	1	0	1	1	1	1	1	1	0	1	1	1	1	1	1	1	1	1	1	1	0	1	1	0	1	0	1	1	1	1	1	1	1
BACasv859	0	0	0	0	0	0	0	0	0	1	0	0	0	0	0	0	0	0	0	0	0	0	0	0	0	0	0	0	0	0	0	0	0	0	0	0	0	0	0	0	0	0	0	1	0	0	0	0	0	1	0	0	0	0	0	0	0	0	0	0	0	0	1	0	0	0	0	0	0	0	0	0	0	0	0	0	0	0	0	1	0	0	0	0	0	0	0	0	0	0	1	0	0	1	0	0	0	0	0	0	1	0	0	0	1	0	1	1	0	1	1	0	0	0	1	1	0	0	1	0	0	0	1	0	1	0	0	0	0	1	0	1	0	0	1	1	0	1	0	1	0	0	1	1	0	1	0	1	0	0	1	0	0	0	1	1	1	0	0	1	1	1	1	1	0	1	0	0	1	0	1	1	1	1	1	1	0	1	1	1	1	1	1	1	1	1	1	1	0	1	1	1	0	0	1	1	1	1	1	1	1
BACasv890	0	1	0	0	1	1	1	1	0	0	0	0	1	0	1	1	0	0	1	1	1	0	0	1	1	1	0	0	0	0	0	0	0	1	1	0	0	0	0	0	0	1	1	0	0	1	1	0	1	0	1	1	1	1	0	0	1	0	1	1	0	1	0	1	1	0	0	1	1	0	1	0	1	0	0	1	0	0	1	0	1	1	0	0	1	1	1	1	1	0	0	0	1	0	1	0	1	0	1	1	0	1	1	1	0	1	0	0	0	0	0	0	0	1	0	0	1	1	0	1	0	0	0	1	0	0	0	0	1	0	0	0	0	0	0	0	1	0	1	0	0	0	0	0	1	0	0	0	1	1	0	1	0	0	0	0	0	1	1	0	0	0	0	0	1	0	0	1	0	1	0	0	0	0	0	0	1	0	0	0	0	0	0	0	0	0	0	0	0	0	0	0	0	0	0	0	0	0	0	0	0
BACasv918	0	0	0	0	0	0	0	0	0	1	0	0	0	0	0	0	0	0	0	0	0	0	0	0	0	0	0	0	0	0	0	0	0	0	0	0	0	0	0	0	0	0	0	1	0	0	0	0	0	1	0	0	0	0	0	0	0	0	0	0	0	0	1	0	0	0	0	0	0	0	0	0	0	0	0	0	0	0	0	1	0	0	0	0	0	0	0	0	0	0	1	0	0	1	0	0	0	0	0	0	1	0	0	0	1	0	1	1	0	1	1	0	0	0	1	1	0	0	1	0	0	0	1	0	1	0	0	0	0	1	0	1	0	0	1	1	0	1	0	1	0	0	1	1	0	1	0	1	0	0	1	0	0	0	1	1	1	0	0	1	1	1	1	1	0	1	0	0	1	0	1	1	1	1	1	1	0	1	1	1	1	1	1	1	1	1	1	1	0	1	1	1	1	0	0	1	1	1	1	1	1
BACasv919	0	0	0	0	0	0	0	0	0	1	0	0	0	0	0	0	0	0	0	0	0	0	0	0	0	0	0	0	0	0	0	0	0	0	0	0	0	0	0	0	0	0	0	1	0	0	0	0	0	1	0	0	0	0	0	0	0	0	0	0	0	0	1	0	0	0	0	0	0	0	0	0	0	0	0	0	0	0	0	1	0	0	0	0	0	0	0	0	0	0	1	0	0	1	0	0	0	0	0	0	1	0	0	0	1	0	1	1	0	1	1	0	0	0	1	1	0	0	1	0	0	0	1	0	1	0	0	0	0	1	0	1	0	0	1	1	0	1	0	1	0	0	1	1	0	1	0	1	0	0	1	0	0	0	1	1	1	0	0	1	1	1	1	1	0	1	0	0	1	0	1	1	1	1	1	1	0	1	1	1	1	1	1	1	1	1	1	1	0	1	1	1	1	0	1	0	1	1	1	1	1
BACasv920	0	0	0	0	0	0	0	0	0	1	0	0	0	0	0	0	0	0	0	0	0	0	0	0	0	0	0	0	0	0	0	0	0	0	0	0	0	0	0	0	0	0	0	1	0	0	0	0	0	1	0	0	0	0	0	0	0	0	0	0	0	0	1	0	0	0	0	0	0	0	0	0	0	0	0	0	0	0	0	1	0	0	0	0	0	0	0	0	0	0	1	0	0	1	0	0	0	0	0	0	1	0	0	0	1	0	1	1	0	1	1	0	0	0	1	1	0	0	1	0	0	0	1	0	1	0	0	0	0	1	0	1	0	0	1	1	0	1	0	1	0	0	1	1	0	1	0	1	0	0	1	0	0	0	1	1	1	0	0	1	1	1	1	1	0	1	0	0	1	0	1	1	1	1	1	1	0	1	1	1	1	1	1	1	1	1	1	1	0	1	1	1	1	0	1	1	0	1	1	1	1
BACasv957	0	0	0	0	0	0	0	0	0	1	0	0	0	0	0	0	0	0	0	0	0	0	0	0	0	0	0	0	0	0	0	0	0	0	0	0	0	0	0	0	0	0	0	1	0	0	0	0	0	1	0	0	0	0	0	0	0	0	0	0	0	0	1	0	0	0	0	0	0	0	0	0	0	0	0	0	0	0	0	1	0	0	0	0	0	0	0	0	0	0	1	0	0	1	0	0	0	0	0	0	1	0	0	0	1	0	1	1	0	1	1	0	0	0	1	1	0	0	1	0	0	0	1	0	1	0	0	0	0	1	0	1	0	0	1	1	0	1	0	1	0	0	1	1	0	1	0	1	0	0	1	0	0	0	1	1	1	0	0	1	1	1	1	1	0	1	0	0	1	0	1	1	1	1	1	1	0	1	1	1	1	1	1	1	1	1	1	1	0	1	1	1	1	0	1	1	1	0	1	1	1
BACasv958	0	0	0	0	0	0	0	0	0	1	0	0	0	0	0	0	0	0	0	0	0	0	0	0	0	0	0	0	0	0	0	0	0	0	0	0	0	0	0	0	0	0	0	1	0	0	0	0	0	1	0	0	0	0	0	0	0	0	0	0	0	0	1	0	0	0	0	0	0	0	0	0	0	0	0	0	0	0	0	1	0	0	0	0	0	0	0	0	0	0	1	0	0	1	0	0	0	0	0	0	1	0	0	0	1	0	1	1	0	1	1	0	0	0	1	1	0	0	1	0	0	0	1	0	1	0	0	0	0	1	0	1	0	0	1	1	0	1	0	1	0	0	1	1	0	1	0	1	0	0	1	0	0	0	1	1	1	0	0	1	1	1	1	1	0	1	0	0	1	0	1	1	1	1	1	1	0	1	1	1	1	1	1	1	1	1	1	1	0	1	1	1	1	0	1	1	1	1	0	1	1
BACasv987	0	0	0	0	0	0	0	0	0	1	0	0	0	0	0	0	0	0	0	0	0	0	0	0	0	0	0	0	0	0	0	0	0	0	0	0	0	0	0	0	0	0	0	1	0	0	0	0	0	1	0	0	0	0	0	0	0	0	0	0	0	0	1	0	0	0	0	0	0	0	0	0	0	0	0	0	0	0	0	1	0	0	0	0	0	0	0	0	0	0	1	0	0	1	0	0	0	0	0	0	1	0	0	0	1	0	1	1	0	1	1	0	0	0	1	1	0	0	1	0	0	0	1	0	1	0	0	0	0	1	0	1	0	0	1	1	0	1	0	1	0	0	1	1	0	1	0	1	0	0	1	0	0	0	1	1	1	0	0	1	1	1	1	1	0	1	0	0	1	0	1	1	1	1	1	1	0	1	1	1	1	1	1	1	1	1	1	1	0	1	1	1	1	0	1	1	1	1	1	0	1
BACasv988	0	0	0	0	0	0	0	0	0	1	0	0	0	0	0	0	0	0	0	0	0	0	0	0	0	0	0	0	0	0	0	0	0	0	0	0	0	0	0	0	0	0	0	1	0	0	0	0	0	1	0	0	0	0	0	0	0	0	0	0	0	0	1	0	0	0	0	0	0	0	0	0	0	0	0	0	0	0	0	1	0	0	0	0	0	0	0	0	0	0	1	0	0	1	0	0	0	0	0	0	1	0	0	0	1	0	1	1	0	1	1	0	0	0	1	1	0	0	1	0	0	0	1	0	1	0	0	0	0	1	0	1	0	0	1	1	0	1	0	1	0	0	1	1	0	1	0	1	0	0	1	0	0	0	1	1	1	0	0	1	1	1	1	1	0	1	0	0	1	0	1	1	1	1	1	1	0	1	1	1	1	1	1	1	1	1	1	1	0	1	1	1	1	0	1	1	1	1	1	1	0
