nodes_id	within_module_connectivities	among_module_connectivities	degree	modularity
BACasv1	0.573001167165967	0.359225322782174	98	2
BACasv10	0.253030140894977	0.4488	100	2
BACasv100	-1.24016798170298	0.142011834319527	26	2
BACasv101	0.715210512175297	0.2801108033241	95	2
BACasv102	0.501896494661303	0.327741020793951	92	2
BACasv103	-0.0669408853760129	0.423854848304581	82	2
BACasv11	0.324134813399642	0.452662721893491	104	2
BACasv113	0.363872953989239	0.0634238108035474	61	1
BACasv114	-1.91566237049729	0	5	2
BACasv12	0.644105839670632	0.233303875773261	89	2
BACasv124	0.264241073730281	0.499671268902038	117	1
BACasv125	0.679658175922964	0.282480760525124	94	2
BACasv126	-1.91566237049729	0	5	2
BACasv128	0.750762848427629	0.310172431384553	99	2
BACasv129	-1.27572031795531	0	23	2
BACasv13	0.110820795885648	0.416322314049587	88	2
BACasv131	0.00416378712865156	0	59	2
BACasv132	0.92852452968929	0.288434348194929	103	2
BACasv134	-2.27637187287316	0.244897959183674	7	1
BACasv139	0.31405701385976	0.49203506456782	103	1
BACasv141	0.821867520932293	0.2952	100	2
BACasv142	0.28858247714731	0.372175230400202	89	2
BACasv145	0.786315184679961	0.210538752362949	92	2
BACasv148	0.750762848427629	0.299875052061641	98	2
BACasv15	-1.88011003424496	0	6	2
BACasv152	-0.102493221628345	0	56	2
BACasv156	0.92852452968929	0.242832364044485	99	2
BACasv157	-1.63124368047863	0.32	65	2
BACasv16	0.430791822156639	0.369624264373019	94	2
BACasv160	-1.08078930976566	0	30	1
BACasv164	0.363872953989239	0.368507560815253	78	1
BACasv167	-1.18042119002462	0	28	1
BACasv17	0.501896494661303	0.30641975308642	90	2
BACasv176	0.999629202193954	0.137845178813943	94	2
BACasv178	-1.88011003424496	0.375	8	2
BACasv18	-1.4890343354693	0	17	2
BACasv181	0.92852452968929	0.288434348194929	103	2
BACasv183	0.363872953989239	0.368507560815253	78	1
BACasv186	0.413688894118718	0.497041420118343	130	1
BACasv187	0.821867520932293	0.2952	100	2
BACasv188	-1.84455769799263	0.277777777777778	42	2
BACasv19	0.395239485904306	0.430603613994617	102	2
BACasv192	-2.07710811235524	0	10	1
BACasv193	0.363872953989239	0.496364401177814	129	1
BACasv194	-2.1767399926142	0.396694214876033	11	1
BACasv199	0.413688894118718	0.497041420118343	130	1
BACasv2	0.786315184679961	0.286755518533944	98	2
BACasv205	1.45982363683778	0.0470314994919436	83	1
BACasv206	0.892972193436958	0.279972551710617	101	2
BACasv209	0.363872953989239	0.496364401177814	129	1
BACasv21	0.999629202193954	0.137845178813943	94	2
BACasv211	-1.88011003424496	0	6	2
BACasv213	-1.24016798170298	0.142011834319527	26	2
BACasv219	0.413688894118718	0.497041420118343	130	1
BACasv22	0.6085535034183	0.262716049382716	90	2
BACasv222	-1.73790068923563	0	10	2
BACasv231	-1.23023713015409	0.128418549346017	29	1
BACasv235	0.363872953989239	0.280896647490577	71	1
BACasv237	0.363872953989239	0.496364401177814	129	1
BACasv240	0.114793253341843	0.340264650283554	69	1
BACasv242	-1.84455769799263	0	7	2
BACasv245	1.45982363683778	0.0470314994919436	83	1
BACasv247	-0.0844705071760735	0.389273356401384	68	1
BACasv25	0.253030140894977	0.444444444444444	99	2
BACasv252	0.363872953989239	0.0634238108035474	61	1
BACasv253	0.92852452968929	0.298631656804734	104	2
BACasv26	-0.632445848600344	0.0928019036287924	41	1
BACasv267	-1.84455769799263	0	7	2
BACasv27	0.395239485904306	0.335816184825148	89	2
BACasv28	0.537448830913635	0.325124291825645	93	2
BACasv283	-0.732077728859303	0	37	1
BACasv285	-1.56013900797397	0	15	2
BACasv287	-1.77345302548796	0	9	2
BACasv288	0.110820795885648	0.461260495270486	97	2
BACasv29	0.6085535034183	0.154449121788358	83	2
BACasv290	-0.732077728859303	0	37	1
BACasv293	0.413688894118718	0.497041420118343	130	1
BACasv296	0.6085535034183	0.356698296092235	99	2
BACasv3	0.6085535034183	0.32	95	2
BACasv30	0.6085535034183	0.235537190082645	88	2
BACasv301	0.892972193436958	0.279972551710617	101	2
BACasv31	0.075268459633316	0.419077817413133	87	2
BACasv311	0.892972193436958	0.310650887573965	104	2
BACasv315	0.750762848427629	0.355029585798817	104	2
BACasv319	0.363872953989239	0.0634238108035474	61	1
BACasv32	0.363872953989239	0.49659119602727	109	1
BACasv323	0.413688894118718	0.497041420118343	130	1
BACasv324	0.715210512175297	0.214567901234568	90	2
BACasv325	-2.1767399926142	0	8	1
BACasv33	0.6085535034183	0.154449121788358	83	2
BACasv330	1.45982363683778	0.0470314994919436	83	1
BACasv336	1.45982363683778	0.0470314994919436	83	1
BACasv343	0.413688894118718	0.497041420118343	130	1
BACasv348	0.715210512175297	0.430094517958412	115	2
BACasv351	0.537448830913635	0.416145124716553	105	2
BACasv352	-0.0346545670465944	0.0377218934911243	52	1
BACasv358	1.45982363683778	0.0470314994919436	83	1
BACasv36	0.750762848427629	0.277777777777778	96	2
BACasv366	0.573001167165967	0.359225322782174	98	2
BACasv37	-1.66679601673096	0	12	2
BACasv374	-1.80900536174029	0	8	2
BACasv387	0.537448830913635	0.416145124716553	105	2
BACasv388	-0.280254902890006	0.0726237095051619	53	2
BACasv39	0.679658175922964	0.293850415512465	95	2
BACasv393	0.363872953989239	0.496364401177814	129	1
BACasv397	0.363872953989239	0.496364401177814	129	1
BACasv4	0.679658175922964	0.293850415512465	95	2
BACasv403	-1.13060524989514	0.381328073635766	39	1
BACasv409	-0.732077728859303	0	37	1
BACasv41	0.573001167165967	0.429256796565946	109	2
BACasv410	-1.06240630044132	0.120707596253902	31	2
BACasv411	0.573001167165967	0.429256796565946	109	2
BACasv417	0.750762848427629	0.355029585798817	104	2
BACasv419	0.363872953989239	0.368507560815253	78	1
BACasv42	0.573001167165967	0.322544137618832	94	2
BACasv425	1.45982363683778	0.0470314994919436	83	1
BACasv429	0.363872953989239	0.368507560815253	78	1
BACasv43	0.892972193436958	0.279972551710617	101	2
BACasv430	-0.102493221628345	0	56	2
BACasv439	0.413688894118718	0.497041420118343	130	1
BACasv44	0.430791822156639	0.352315689981096	92	2
BACasv440	0.6085535034183	0.3648	100	2
BACasv442	-0.102493221628345	0	56	2
BACasv449	0.413688894118718	0.497041420118343	130	1
BACasv450	0.537448830913635	0.416145124716553	105	2
BACasv459	0.413688894118718	0.497041420118343	130	1
BACasv46	0.821867520932293	0.108336636279561	87	2
BACasv466	1.45982363683778	0.0470314994919436	83	1
BACasv467	0.892972193436958	0.310650887573965	104	2
BACasv47	-0.920196955431987	0.48405612244898	56	2
BACasv472	-1.88011003424496	0	6	2
BACasv482	0.363872953989239	0.368507560815253	78	1
BACasv483	1.45982363683778	0.0470314994919436	83	1
BACasv484	0.644105839670632	0.4296875	112	2
BACasv49	-0.582629908470865	0.165289256198347	44	1
BACasv492	1.45982363683778	0.0470314994919436	83	1
BACasv493	-1.84455769799263	0	7	2
BACasv494	0.164609193471322	0.294052127422589	67	1
BACasv495	0.892972193436958	0.279972551710617	101	2
BACasv5	-0.209150230385342	0.488421550094518	92	2
BACasv511	-2.1767399926142	0.396694214876033	11	1
BACasv517	-0.732077728859303	0	37	1
BACasv521	-0.383366147952949	0.402042461703843	61	1
BACasv528	-0.0669408853760129	0.329861111111111	72	2
BACasv529	0.413688894118718	0.497041420118343	130	1
BACasv530	0.537448830913635	0.416145124716553	105	2
BACasv532	-0.732077728859303	0	37	1
BACasv539	0.363872953989239	0.368507560815253	78	1
BACasv54	0.181925468390313	0.448931873737911	97	2
BACasv546	1.45982363683778	0.0470314994919436	83	1
BACasv548	0.892972193436958	0.279972551710617	101	2
BACasv560	1.45982363683778	0.0470314994919436	83	1
BACasv562	0.92852452968929	0.123173529766936	91	2
BACasv575	0.363872953989239	0.0634238108035474	61	1
BACasv576	1.45982363683778	0.0470314994919436	83	1
BACasv577	0.413688894118718	0.497041420118343	130	1
BACasv587	0.363872953989239	0.368507560815253	78	1
BACasv59	0.92852452968929	0.288434348194929	103	2
BACasv6	0.430791822156639	0.322686529478601	89	2
BACasv605	-0.732077728859303	0	37	1
BACasv608	0.214425133600802	0.368151935719503	74	1
BACasv609	-0.732077728859303	0	37	1
BACasv611	-0.732077728859303	0	37	1
BACasv633	1.45982363683778	0.0470314994919436	83	1
BACasv635	-0.732077728859303	0	37	1
BACasv637	-1.7023483529833	0	11	2
BACasv645	1.45982363683778	0.0470314994919436	83	1
BACasv649	0.114793253341843	0.340264650283554	69	1
BACasv650	0.644105839670632	0.362317419860798	101	2
BACasv66	0.324134813399642	0.424822990420658	98	2
BACasv669	-2.22655593274368	0	7	1
BACasv67	-0.493568920404	0	45	2
BACasv672	-1.95121470674962	0	4	2
BACasv682	-0.732077728859303	0	37	1
BACasv686	-1.73790068923563	0.408163265306122	14	2
BACasv70	-1.28005307028357	0.5	52	1
BACasv729	-1.47931683080149	0.49972958355868	43	1
BACasv73	0.00416378712865156	0	59	2
BACasv749	0.537448830913635	0.416145124716553	105	2
BACasv770	1.45982363683778	0.0470314994919436	83	1
BACasv773	0.114793253341843	0.340264650283554	69	1
BACasv775	-1.80900536174029	0	8	2
BACasv792	-0.732077728859303	0	37	1
BACasv793	0.114793253341843	0.340264650283554	69	1
BACasv8	0.821867520932293	0.108336636279561	87	2
BACasv823	1.45982363683778	0.0470314994919436	83	1
BACasv824	-0.732077728859303	0	37	1
BACasv830	-0.732077728859303	0	37	1
BACasv831	-0.732077728859303	0	37	1
BACasv84	1.45982363683778	0.0470314994919436	83	1
BACasv86	-0.0844705071760735	0.389273356401384	68	1
BACasv89	-0.17359789413301	0.035702479338843	55	2
BACasv898	-0.732077728859303	0	37	1
BACasv9	0.821867520932293	0.108336636279561	87	2
BACasv90	0.786315184679961	0.286755518533944	98	2
BACasv91	-1.38237732671231	0	20	2
BACasv92	0.750762848427629	0.212534718029224	91	2
BACasv928	-0.732077728859303	0	37	1
BACasv929	-0.732077728859303	0	37	1
BACasv931	-0.732077728859303	0	37	1
BACasv96	0.0397161233809838	0.400638699375817	83	2
BACasv966	-0.732077728859303	0	37	1
BACasv969	-1.13060524989514	0.381328073635766	39	1
