ASVID	Arable6_1	Arable6_2	Arable6_3	Arable6_4	Arable9_1	Arable9_2	Arable9_3	Arable9_4
BACasv1	0.099931147	0.118248321	0.142799228	0.103898933	0.074077306	0.071054926	0.070953215	0.073458783
BACasv2	0.009734324	0.008117046	0.008088803	0.00573586	0.048686851	0.044827085	0.05404053	0.07479726
BACasv3	0.040314347	0.030463974	0.045559846	0.045850577	0.012302591	0.009662889	0.010958219	0.013069837
BACasv4	0.037227854	0.033670708	0.029594595	0.0286793	0.090917023	0.072580645	0.045934451	0.046846705
BACasv5	0.013034497	0.001970805	0.009517375	0.015646555	0.020591571	0.029569892	0.018463848	0.021966774
BACasv6	0.003608823	0.013929251	0.002972973	0.003957017	0.023645406	0.023612322	0.024018014	0.015668058
BACasv8	0.063700468	0.056819321	0.105444015	0.088470195	0.009336009	0.015983726	0.015111334	0.023698921
BACasv9	0.027849664	0.024451348	0.032586873	0.031510927	0.005147893	0.010607382	0.00970728	0.006377451
BACasv10	0.013153209	0.015432408	0.00996139	0.015573949	0.018148504	0.017582098	0.017162872	0.025746004
BACasv11	0.019943493	0.016835354	0.014131274	0.024540768	0.045545764	0.071200232	0.062847135	0.064561846
BACasv12	0.004392317	0.003707786	0	0	0.013262368	0.016201686	0.020315236	0.01928982
BACasv13	0.002659132	0.003674383	0.003861004	0.003557685	0.015181921	0.016782912	0.012409307	0.021966774
BACasv15	0.001994349	0.002739085	0	0	0	0.013586167	0.009557168	0
BACasv17	0.027184881	0.020643351	0.028339768	0.026864155	0.013524125	0.013586167	0.012359269	0.010314148
BACasv18	0.010565303	0.008117046	0.014324324	0.010310027	0.013436873	0.003414705	0.005203903	0.005826313
BACasv19	0.003347658	0.002939506	0	0.004973499	0.017275979	0.015329846	0.01861396	0.023383986
BACasv21	0.010517819	0.013060761	0.00488417	0.00773252	0.01657796	0.018235978	0.020365274	0.032517125
BACasv22	0.002587906	0.001970805	0.001312741	0.001524722	0.008027223	0.013731473	0.01255942	0.011495158
BACasv25	0.00220803	0.003139927	0.002335907	0.005118711	0.023121892	0.015547806	0.021115837	0.022754114
BACasv27	0.011562478	0.015733039	0.007471042	0.013540986	0.019893552	0.039087475	0.028321241	0.038737107
BACasv28	0.010446592	0.008451081	0.008996139	0.010709359	0.001221534	0.002760825	0.001551163	0.002755689
BACasv29	0.001614473	0.003273541	0.001332046	0.001524722	0.006892941	0.009009009	0.009206905	0.006377451
BACasv30	0.001994349	0.001269332	0	0.000471938	0.006107669	0.007628596	0.010708031	0.002047083
BACasv31	0.003656307	0.004876908	0.006930502	0.00486459	0.012128087	0.017945365	0.014660996	0.019919691
BACasv32	0.020798215	0.016000267	0.009401544	0.013649895	0.002094058	0.001089799	0.001601201	0.001338477
BACasv33	0.021249317	0.019106791	0.029555985	0.021963261	0.006718436	0.005594304	0.003802852	0.009211873
BACasv36	0.000807237	0.001302736	0.000752896	0.000435635	0.010295786	0.005594304	0.005904428	0.005668845
BACasv37	0.00189938	0.002238033	0.000559846	0.000653452	0.006980194	0.001888986	0.002451839	0.001102275
BACasv39	0.019967236	0.016634933	0.030849421	0.03154723	0.004100864	0.004504505	0.002852139	0.007007322
BACasv42	0.001923123	0.001302736	0.000772201	0.000617149	0.005496903	0.009880849	0.013059795	0.006456185
BACasv44	0.006647831	0.002872699	0.002992278	0.004065926	0	0	0.001250938	0
BACasv46	0.014601486	0.013094164	0.021505792	0.019349452	0	0.004359198	0.003052289	0.002834422
BACasv47	0.012725848	0.012559709	0.010617761	0.019603572	0.010644795	0.009444929	0.009206905	0.009054405
BACasv49	0.008167335	0.009687009	0.002799228	0.005626951	0.006107669	0.002324906	0.003152364	0
BACasv54	0.006481635	0.008551291	0.006447876	0.01060045	0.010644795	0.015693112	0.010657993	0.013069837
BACasv66	0.004511028	0.004075225	0.006216216	0.003630291	0	0.001598373	0.001250938	0.001889615
BACasv67	0.003466369	0.003340348	0.001293436	0.002141872	0.004711631	0.003124092	0.005103828	0.004251634
BACasv70	0.000617299	0.001235929	0.001795367	0.00112539	0.00575866	0.001888986	0.001250938	0.002755689
BACasv73	0.001923123	0.00297291	0.000405405	0.000399332	0.004013611	0.001961639	0.004003002	0.004094166
BACasv89	0.001210855	0.001703578	0.000772201	0.00112539	0.004711631	0.001961639	0.001250938	0.002519487
BACasv90	0.000237423	0.000534456	0.00019305	0	0.001134281	0.00087184	0.00425319	0.002755689
BACasv91	0.002991524	0.007348766	0.001119691	0.001815146	0.007503708	0.004504505	0.004503378	0.007322258
BACasv92	0.000664783	0.000634666	0	0.000508241	0.002704825	0.002034292	0.002802102	0.002047083
BACasv96	0.001923123	0.001603367	0.002992278	0.000798664	0.01404764	0.009009009	0.007355517	0.004330368
BACasv100	0	0.000367438	0	0	0	0.001743679	0.001551163	0.00338556
BACasv101	0.000593556	0.000901894	0.000289575	0	0.001657796	0.001089799	0.001901426	0.001574679
BACasv102	0.001875638	0.001369543	0.007528958	0.00174254	0	0	0.000900676	0
BACasv103	0.003181462	0.003106524	0.001332046	0.00348508	0	0.000508573	0.000650488	0.000314936
BACasv110	0.000118711	0	0.00011583	0.00025412	0.006194922	0.004068585	0.001150863	0.002598221
BACasv112	0	0	0	0	0	0	0.003002252	0
BACasv114	0.002041834	0.002605471	0.00023166	0.000363029	0.00540965	0.001380413	0.001250938	0.002598221
BACasv120	0.000498587	0	0.000888031	0.000943876	0	0	0.002702027	0
BACasv123	0.002754101	0.002538665	0.000714286	0.001669934	0.000959777	0.00595757	0.003102327	0.005668845
BACasv125	0.001661958	0.00153656	0.002142857	0.002722718	0	0.00065388	0.000300225	0.001259743
BACasv126	0.001187113	0.001402946	0.000772201	0.000508241	0	0.002470212	0.002201651	0.001023541
BACasv128	0.000902206	0.002672278	0.000617761	0	0.003926359	0.006974717	0.003102327	0.004251634
BACasv129	0.00116337	0.001937402	0	0.000798664	0.003141087	0.001525719	0.002151614	0.001102275
BACasv134	0.000261165	0.001068911	0.000540541	0.000399332	0	0	0.003252439	0
BACasv141	0.005104585	0.003407155	0.00511583	0.007333188	0	0	0.002551914	0
BACasv142	0.002374225	0.001703578	0.001525097	0.002831627	0	0.000581226	0.000500375	0.00039367
BACasv145	0.001020917	0.002037612	0.003301158	0.002686415	0.000436262	0.000508573	0.000500375	0.000314936
BACasv148	0.002279256	0.002872699	0.00015444	0	0.003664602	0.004359198	0.005003753	0.004487836
BACasv157	0.00147202	0.001503157	0.001351351	0.001306905	0.000785272	0.001453066	0.001050788	0.000866074
BACasv161	0	0	0	0	0	0.002542865	0.000700525	0.002519487
BACasv167	0.0016857	0.00230484	0	0.000617149	0	0	0.001000751	0.000314936
BACasv173	0	0	0	0	0.001047029	0.000944493	0.000850638	0.000472404
BACasv174	0	0	0	0	0	0.001525719	0.001501126	0
BACasv176	0.000546072	0.001035508	0.00034749	0.000508241	0.001047029	0.001089799	0.001100826	0.001810881
BACasv187	0.003680049	0.006747503	0.009189189	0.00972918	0.002617573	0.001235106	0.002601951	0.000629872
BACasv192	0.001756927	0.002739085	0	0.000726058	0	0	0.002702027	0
BACasv194	0.000641041	0.001302736	0.000656371	0.000617149	0	0	0.001050788	0
BACasv207	0	0	0	0	0.001483291	0.001307759	0.000650488	0.000944807
BACasv211	0.000403618	0.000835087	0.00034749	0.000689755	0	0.001307759	0.001551163	0.000708606
BACasv213	0	0.000434245	0	0	0	0.001307759	0.001250938	0.002519487
BACasv221	0	0	0	0.000363029	0.001570544	0	0.000550413	0.000866074
BACasv231	0.000451103	0.000400842	0.001216216	0.000798664	0.000698019	0.001089799	0.000950713	0.001810881
BACasv235	0.001210855	0.002104419	0.00015444	0.000363029	0	0	0.000500375	0
BACasv238	0	0	0	0	0	0.001307759	0.001150863	0
BACasv242	0.000118711	0.000367438	0.00034749	0.000326726	0.004886136	0	0.001551163	0.001732147
BACasv268	0	0	0	0	0	0	0.001300976	0
BACasv270	0	0	0.00019305	0.000471938	0	0	0.001050788	0
BACasv285	0.000189938	0.000267228	0	0	0.001134281	0.000581226	0.001200901	0
BACasv287	0.000261165	0.000501052	0.000791506	0.000290423	0.001919553	0	0.001000751	0.002440753
BACasv288	0.002682875	0.004208839	0.003494208	0.002650113	0	0.001307759	0.001050788	0
BACasv305	0	0	0	0	0	0	0.002952214	0
BACasv325	0.00052233	0.00076828	0.000250965	0	0	0	0.0008006	0
BACasv352	0.000474845	0.000567859	0	0.000217817	0	0	0.000350263	0
BACasv367	0	0	0	0	0	0.001017146	0.000850638	0.001968349
BACasv374	0	0.000300631	0	0	0	0	0.000700525	0.001102275
BACasv385	0.000379876	0	0	0	0	0	0.000450338	0
BACasv388	0.000284907	0.000400842	0.000714286	0.000363029	0	0.000290613	0.000150113	0.000236202
BACasv428	0.000237423	0	0	0	0	0.001235106	0.000750563	0.000944807
BACasv440	0.000783494	0.001402946	0.000868726	0.001415814	0	0	0.000750563	0
BACasv472	0.000356134	0.000701473	0.000135135	0	0	0.000944493	0.000450338	0
BACasv511	0.000641041	0.001068911	0.00046332	0.000689755	0	0	0.000950713	0
BACasv512	0	0	0	0	0	0	0.000150113	0
BACasv562	0.000237423	0.000434245	0	0	0.000436262	0.00043592	0.000500375	0.001732147
BACasv596	0	0	0	0	0	0	0.000650488	0
BACasv637	0	0.000334035	0	0	0	0.00065388	0.000300225	0.000708606
BACasv669	0.000379876	0.000300631	0.00015444	0	0	0	0.000450338	0
BACasv672	0	0.000434245	0	0	0	0	0.0008006	0.000551138
BACasv726	0	0	0.000366795	0.000834967	0	0	0.000450338	0
BACasv797	0	0	0	0	0	0	0.000500375	0
BACasv871	0	0	0	0	0	0	0.0004003	0
BACasv927	0.000142454	0	0	0	0	0	0.000250188	0
BACasv936	0	0	0	0	0	0	0.000300225	0
BACasv937	0	0	0	0	0	0	0.000300225	0
BACasv1019	0	0	0	0	0	0	0.000150113	0
