nodes_id	within_module_connectivities	among_module_connectivities	degree	modularity
FUNasv10	-2.45048529471882	0	2	3
FUNasv100	-0.21793903922662	0.466938775510204	70	3
FUNasv101	0.207307866581419	0.270551508844953	62	3
FUNasv102	0.207307866581419	0.485797247822245	89	3
FUNasv103	0.100996140129409	0.424382716049383	72	3
FUNasv106	0.612411404902931	0.497041420118343	91	2
FUNasv107	0.526243045937447	0.483132028321533	98	3
FUNasv11	0.579398909163452	0.418083900226757	84	3
FUNasv112	1.00212775347752	0.510199652777778	96	2
FUNasv114	-0.102068567483822	0.239197530864197	36	2
FUNasv115	0.0478402769034042	0.402681660899654	68	3
FUNasv117	0.612411404902931	0.497041420118343	91	2
FUNasv118	1.05780167819749	0.430160187735945	99	3
FUNasv12	0.738866498841466	0.479215760203601	103	3
FUNasv120	0.807269579190227	0.498614958448753	95	2
FUNasv122	0.417553230615635	0.499915668746838	77	2
FUNasv123	1.00212775347752	0.490869247626004	111	2
FUNasv124	1.00464581497149	0.454708266566123	103	3
FUNasv125	0.937175028715091	0.489421487603306	110	2
FUNasv127	1.00464581497149	0.454708266566123	103	3
FUNasv128	1.05780167819749	0.430160187735945	99	3
FUNasv129	1.00464581497149	0.432528113286131	98	3
FUNasv13	-1.0684328508427	0.304498269896194	34	3
FUNasv130	1.00212775347752	0.490869247626004	111	2
FUNasv132	0.287647781090771	0.4971875	80	2
FUNasv136	0.937175028715091	0.489421487603306	110	2
FUNasv138	0.931588505112178	0	5	1
FUNasv14	0.473087182711442	0.446998377501352	86	3
FUNasv140	0.931588505112178	0.46875	8	1
FUNasv141	0.632554772389457	0.461747397012223	94	3
FUNasv145	0.742316854427795	0.499054820415879	92	2
FUNasv146	-0.377406628904634	0.350302598789605	53	3
FUNasv151	0.366775456259433	0.48086011342155	92	3
FUNasv154	0.207307866581419	0.491493383742911	92	3
FUNasv156	-0.590030081808653	0.494542214301626	67	3
FUNasv157	0.0478402769034042	0.402681660899654	68	3
FUNasv16	-2.39732943149281	0	3	3
FUNasv166	-1.92074486083192	0.375	4	2
FUNasv167	-0.271094902452624	0.5	86	3
FUNasv169	0.937175028715091	0.50655104156848	103	2
FUNasv17	-1.97208252568478	0.336734693877551	14	3
FUNasv175	1.00464581497149	0.380493827160494	90	3
FUNasv176	0.207019667802706	0.32	5	1
FUNasv18	0.207019667802706	0	4	1
FUNasv180	1.05780167819749	0.430160187735945	99	3
FUNasv182	0.685710635615461	0.405259515570934	85	3
FUNasv183	-1.66093396178219	0.42	10	2
FUNasv184	0.937175028715091	0.489421487603306	110	2
FUNasv185	0.612411404902931	0.497041420118343	91	2
FUNasv187	1.00464581497149	0.454708266566123	103	3
FUNasv192	-0.164783176000615	0.389444444444444	60	3
FUNasv194	-0.11162731277461	0.229263082947668	53	3
FUNasv197	0.352600505853203	0.417009602194787	54	2
FUNasv198	-0.426832191295982	0.33425160697888	33	2
FUNasv2	0.526243045937447	0.439156300703083	86	3
FUNasv20	-1.96668684412571	0.375	4	1
FUNasv201	0.526243045937447	0.483132028321533	98	3
FUNasv212	0.685710635615461	0.48077662437524	102	3
FUNasv220	0.872222303952659	0.49896694214876	88	2
FUNasv224	0.632554772389457	0.375	80	3
FUNasv227	0.677364129665363	0.496074347059766	79	2
FUNasv230	0.845178225293476	0.417340900857384	91	3
FUNasv231	-0.426832191295982	0.33425160697888	33	2
FUNasv235	0.612411404902931	0.497041420118343	91	2
FUNasv237	1.06708047823996	0.299444444444444	60	2
FUNasv24	0.738866498841466	0.386621315192744	84	3
FUNasv249	-0.517549169506766	0.48	5	1
FUNasv250	0.352600505853203	0.417009602194787	54	2
FUNasv252	0.685710635615461	0.48077662437524	102	3
FUNasv254	-0.11162731277461	0.477839335180055	76	3
FUNasv258	-1.72588668654462	0.48	15	2
FUNasv259	0.313619593033428	0.459183673469388	84	3
FUNasv268	-0.296926741771118	0.490414201183432	65	2
FUNasv269	1.1109575414235	0.375	92	3
FUNasv270	1.00212775347752	0.490869247626004	111	2
FUNasv272	1.00464581497149	0.380493827160494	90	3
FUNasv277	-0.21793903922662	0.471335052568935	71	3
FUNasv289	1.00212775347752	0.493827160493827	108	2
FUNasv29	0.482505955378067	0.484429065743945	68	2
FUNasv295	1.00212775347752	0.497041420118343	104	2
FUNasv30	0.845178225293476	0.353026564087676	83	3
FUNasv300	-0.00531558632260055	0.455807158509861	74	3
FUNasv308	0.872222303952659	0.229263082947668	53	2
FUNasv31	0.677364129665363	0.498094802621552	81	2
FUNasv317	-1.65314734632875	0	17	3
FUNasv319	-0.271094902452624	0.5	86	3
FUNasv32	0.526243045937447	0.449380165289256	88	3
FUNasv325	-1.70630320955475	0	16	3
FUNasv328	0.366775456259433	0.48086011342155	92	3
FUNasv33	0.579398909163452	0.436517373497159	87	3
FUNasv330	-2.34417356826681	0	4	3
FUNasv335	-1.46607578749489	0	10	2
FUNasv336	-0.426832191295982	0.33425160697888	33	2
FUNasv339	-0.21793903922662	0.32	55	3
FUNasv34	0.526243045937447	0.439156300703083	86	3
FUNasv340	-1.91892666245877	0.244897959183674	14	3
FUNasv346	-0.271094902452624	0.5	86	3
FUNasv35	0.547458680140499	0.485256606468728	99	2
FUNasv355	0.612411404902931	0.497041420118343	91	2
FUNasv357	-0.21793903922662	0.32	55	3
FUNasv36	0.100996140129409	0.215450907971684	57	3
FUNasv360	-1.53102851225733	0.498269896193772	17	2
FUNasv361	-1.91892666245877	0.244897959183674	14	3
FUNasv370	-2.05065031035678	0.444444444444444	3	2
FUNasv378	0.207019667802706	0	4	1
FUNasv38	0.417553230615635	0.498810232004759	82	2
FUNasv381	-0.426832191295982	0.33425160697888	33	2
FUNasv40	0.872222303952659	0.497566252028123	86	2
FUNasv41	-2.34417356826681	0	4	3
FUNasv421	-0.102068567483822	0.239197530864197	36	2
FUNasv424	-0.426832191295982	0.33425160697888	33	2
FUNasv43	-1.40112306273246	0	11	2
FUNasv432	0.872222303952659	0.229263082947668	53	2
FUNasv44	0.792022362067471	0.40676652892562	88	3
FUNasv45	0.473087182711442	0.446998377501352	86	3
FUNasv461	-0.296926741771118	0.174817898022893	31	2
FUNasv463	-0.296926741771118	0.174817898022893	31	2
FUNasv467	0.482505955378067	0.338331410995771	51	2
FUNasv468	-1.53102851225733	0.498269896193772	17	2
FUNasv473	-0.21793903922662	0.466938775510204	70	3
FUNasv478	-1.72588668654462	0.48	15	2
FUNasv49	0.632554772389457	0.444444444444444	90	3
FUNasv497	-1.85579213606949	0.32	5	2
FUNasv5	0.526243045937447	0.449380165289256	88	3
FUNasv507	-0.0371158427213896	0.156734693877551	35	2
FUNasv51	0.89833408851948	0.369118442401298	86	3
FUNasv519	-1.53102851225733	0.498269896193772	17	2
FUNasv52	0.738866498841466	0.386621315192744	84	3
FUNasv53	-2.34417356826681	0	4	3
FUNasv55	0.872222303952659	0.499773653236759	94	2
FUNasv565	-0.102068567483822	0.239197530864197	36	2
FUNasv58	-2.1847059785888	0	7	3
FUNasv587	-1.46607578749489	0	10	2
FUNasv6	0.417553230615635	0.499915668746838	77	2
FUNasv616	-0.0371158427213896	0.156734693877551	35	2
FUNasv62	0.685710635615461	0.48077662437524	102	3
FUNasv63	0.807269579190227	0.499094612947035	94	2
FUNasv643	-0.296926741771118	0.174817898022893	31	2
FUNasv66	-1.38736803019872	0	22	3
FUNasv68	-0.11162731277461	0.477839335180055	76	3
FUNasv7	-1.40112306273246	0	11	2
FUNasv71	1.00464581497149	0.454708266566123	103	3
FUNasv75	-1.0684328508427	0.264462809917355	33	3
FUNasv76	-1.72588668654462	0	6	2
FUNasv78	1.00464581497149	0.454708266566123	103	3
FUNasv81	0.742316854427795	0.498268698060942	76	2
FUNasv85	-0.164783176000615	0.459183673469388	70	3
FUNasv86	0.742316854427795	0.489795918367347	77	2
FUNasv87	-0.0584714495486053	0.4846875	80	3
FUNasv88	0.526243045937447	0.439156300703083	86	3
FUNasv89	-0.0584714495486053	0.378936759889141	63	3
FUNasv9	-1.72588668654462	0	6	2
FUNasv91	0.100996140129409	0.46875	80	3
FUNasv92	0.937175028715091	0.509841806545103	91	2
FUNasv93	1.00212775347752	0.490869247626004	111	2
FUNasv94	-1.46607578749489	0	10	2
FUNasv98	0.742316854427795	0.49972958355868	86	2
